64964 46581
56052 10171
52060 9668
37452 53787
23754 7304
31943 60547
39763 19450
59674 43652
13564 25134
1876 17121
46424 49999
4100 37802
19348 21040
41048 64285
41258 12344
47846 12834
61426 49568
29281 40140
53166 44782
32535 29577
33487 50619
38529 34064
30003 19202
27147 7796
52892 58487
2624 25781
29969 37004
63668 4391
65142 19058
213 14446
1530 52886
52542 62600
1466 30848
11432 11951
60881 9180
28559 7160
57593 63115
21457 37850
10010 63403
32773 19897
36520 56046
45103 6301
37006 64653
60280 62503
30274 30071
14513 45508
10048 15201
24469 8002
59820 43615
52886 6250
8098 28516
63009 5701
37673 38768
59556 12310
35775 57631
52516 19013
295 34455
3895 9376
12909 1099
23290 50415
48171 15886
56632 43954
35313 39324
26939 15426
35530 38057
8512 38819
39793 50127
55506 10344
38594 47525
41245 58419
48950 27654
32993 44039
48810 62134
3959 37762
53946 28551
33244 16526
21947 6536
2923 8807
25433 33886
4659 47537
13619 14824
19958 64698
627 43556
37406 39602
29689 48728
12176 64394
60760 48113
23661 7296
21392 12055
33026 30446
23093 46241
55256 36318
24115 62655
13706 62772
43604 40168
39480 45449
34971 28169
62647 21253
51142 21819
59568 59520
49534 39069
35728 43622
53553 48589
29349 37702
27954 37927
47292 51614
62562 34698
10954 10074
38225 30228
2660 24682
1794 60422
61833 56342
7980 39369
17147 52679
3863 907
45452 30843
10601 37816
52291 38865
26626 2625
44703 23123
16656 30167
22927 54116
39389 33534
53654 39642
23369 64901
13828 61859
29237 23292
57694 46319
35879 47581
24030 7755
58149 24112
53370 28546
39229 17486
35170 60192
20701 38539
1090 5882
45242 15612
8857 13272
65378 52762
15120 30627
41199 62982
29260 1878
31170 55718
41323 1252
9327 58350
27185 29661
61985 9060
21229 52815
43523 21310
12055 9382
42978 43540
27929 30555
37816 33146
35746 1871
28264 9566
65241 64037
26769 27389
64531 42961
52463 56121
20331 14548
64059 17269
2345 23713
18256 54079
64613 2102
27026 9720
27526 61306
39042 8815
7058 10058
29739 18306
46803 5178
37193 45743
61961 35272
46553 9556
32390 52514
51235 46140
64016 51315
18576 51970
27983 61522
58894 50908
13027 65528
12039 8853
35440 36919
6542 60097
25010 19567
54694 38281
63007 20671
14268 30839
47186 40702
56464 65002
18118 59831
8645 40616
30258 64478
39186 12990
10025 9454
56199 61265
52749 18712
52957 30597
30024 56481
21581 27847
25573 23484
44899 44340
47086 47556
2998 43275
18033 29367
30374 39867
18603 28618
59150 31716
39777 44355
2582 8862
21181 11782
3474 60139
1202 5546
26855 24008
18618 9532
34273 20331
19247 10854
18716 61200
29318 11636
45611 26427
60037 46284
31351 57558
45138 36575
19446 19824
2437 32753
16822 25223
38518 9409
32792 25369
63908 40994
8429 14900
55521 40120
40063 28138
28495 8845
25559 528
52903 21402
81 20027
43198 1936
64722 13065
30038 14775
51444 52964
4017 46145
47130 57324
60539 48558
9379 39406
35291 33661
33996 20506
27286 56645
57019 59959
17151 22679
8347 31272
34518 20178
10790 5774
31445 14954
52906 28664
22304 26533
36475 47273
54741 10398
51987 21252
6660 7780
33091 7509
34588 64531
32311 7299
31526 52673
23329 34736
9292 47236
20336 13207
13150 42267
52656 25165
6029 38597
64965 61821
63850 55431
5765 48456
49285 3462
47670 57195
39353 38094
64818 35015
8895 41791
2134 847
37963 15193
3822 50787
25505 31235
61896 10951
33773 56209
14641 31928
45514 25496
11442 15803
4080 44214
61073 36752
13476 8812
61466 8238
50620 1316
809 60551
9994 62548
5016 39080
2074 64773
32376 58160
45831 33043
3305 57699
34647 2160
61460 53927
55303 8776
10831 14025
58678 15665
56445 28179
27971 56065
55754 25986
45992 62979
1284 23499
24815 38575
38258 33236
56382 15509
29461 57698
46415 2286
10404 63581
40081 28800
15933 50256
16047 18969
2739 48056
27165 5487
45057 38175
1255 53733
4354 54903
2500 39651
37678 9936
22642 28918
31569 27830
48920 61802
11857 43100
20155 10018
55745 23241
64277 62016
8277 26458
1188 44467
51643 23243
21779 30422
32751 58098
44068 57062
10321 26618
376 30034
179 30858
7455 47859
63047 10373
7047 33336
26439 22186
42474 21920
922 39553
40278 55932
5644 5641
367 26676
42355 63785
17383 39221
21344 47718
8716 31746
4253 40378
2985 64564
20069 39964
4506 50557
20540 62837
50647 52108
62285 45616
39389 33534
59574 46148
21344 47718
40721 55255
56627 24548
18338 57806
64559 34496
22481 32174
15031 57123
60721 40060
55221 339
37225 55830
24474 17213
56171 42957
21598 54495
50899 5129
50250 106
49414 63963
37849 46402
29113 708
15417 14820
15521 19138
21572 22695
13671 33368
43508 20728
18866 12867
44809 42085
29104 31099
28208 19430
2182 3942
33834 53812
58814 24091
11459 47548
3050 51414
57736 27099
50368 4095
48424 34049
11801 27685
26621 21218
12234 26093
5325 22589
18955 53355
17237 26298
15913 58976
36912 20763
60595 54562
30992 61990
57537 8266
39578 64972
56800 20866
65113 35209
3310 54679
3869 43718
27041 23570
51638 26208
28393 36855
9226 49746
60387 14735
50403 17572
33658 47295
4589 6725
12515 28136
46435 26594
27824 55778
32161 34740
1143 43706
13414 46373
21842 23358
35686 28409
47596 212
4470 11890
31764 64503
23841 26335
38361 34569
53215 35920
15712 51659
8944 24684
49839 44543
50277 24026
56492 32716
51638 26208
44136 28288
30895 2732
9827 57766
52822 62295
51287 50364
55902 28987
37310 39334
17631 24318
4673 49683
45067 59591
21733 56071
41692 33729
21889 12887
32281 44617
27289 55653
9303 42292
30241 9081
33244 16526
26129 49465
40339 42075
9717 15666
58884 5345
37773 22583
36798 40329
19622 38425
55039 43187
44951 47677
12228 3220
24158 57064
58205 52301
5507 15973
52859 24314
12469 48438
49099 26877
29278 39409
57932 10839
36901 10533
55182 14247
63742 55492
57211 59965
47075 46185
45216 21892
11821 48653
10190 811
3910 19734
8466 65016
54842 24048
59961 38342
3016 22785
32690 61635
50530 44118
47825 34942
48618 8922
7352 28548
29426 4546
55447 20087
39521 64835
49323 22320
2806 30646
36620 45267
3263 191
64483 27185
10215 33780
51550 27910
48018 52144
5610 30081
37976 41077
36599 27253
35345 27006
35415 49127
64244 54274
7454 59987
49690 44126
38164 41599
28609 16472
28562 35848
32404 30600
7436 29298
28128 10402
23014 9622
39880 34339
16461 35562
687 24969
60653 34648
36645 50925
50786 8349
33706 25546
31787 36212
27509 16909
20849 36901
38792 57478
52396 10091
9241 61814
25627 10754
23203 9883
59258 57942
47821 47304
25854 64763
48210 802
46933 5540
61553 10689
12926 33032
61107 10865
64063 23159
3163 24424
44773 34864
59910 64633
39063 32954
53399 20151
13411 28752
40484 48217
9485 49310
28948 7339
49039 45876
0 37496
63815 25929
57325 14064
65067 58824
28117 24738
50461 56530
14795 6309
26155 5800
22358 42148
60471 33647
9856 28619
11196 1119
63501 54734
3120 56501
15621 38883
48479 61529
54510 39408
15241 8076
41190 58891
26462 6779
53721 51528
5727 42723
53888 8825
58669 5474
44070 24301
17267 4440
14893 54607
59511 1424
7430 55021
59565 59088
26278 53097
18082 14665
43270 35949
49999 82
24164 615
57952 43354
58008 47043
5776 4557
63248 4843
10925 4115
40007 58194
11567 36875
56733 46588
32027 5879
44262 22448
6105 33459
18253 34138
43621 1217
23713 47087
55613 16890
52904 23850
12935 8887
18856 15815
36472 45234
38745 35988
6672 15090
26409 33428
22005 25314
42470 33623
54007 3433
35965 30541
62829 43082
33251 9040
36137 50311
17823 65099
39264 22008
56146 20515
2096 43026
54445 16500
8160 18063
9824 49613
478 63281
27799 50028
56090 1126
32493 20309
18564 59688
25021 53354
43138 13781
51571 699
33330 16891
6455 59839
17340 6858
29501 24689
50862 19380
385 54289
14914 33568
35936 47005
17369 5058
32092 757
39027 26489
56229 48897
57655 2604
2015 59837
62162 61179
29650 64511
24146 13602
31371 30672
54510 39408
32741 65535
43582 48506
25177 39574
14394 65294
21586 39649
61085 40236
11108 61213
31707 46398
35465 28955
27174 55114
24558 43138
4773 53282
33222 36029
1313 31138
34402 14166
17258 20244
575 3267
5889 45315
23165 60511
6698 53019
22212 18081
26628 63725
65263 41270
13985 59613
52978 29208
33062 29750
39003 39062
50692 14779
22710 42765
23869 9028
8364 16617
40256 32481
20720 42604
7295 41396
21546 38306
42639 13914
49226 12844
50978 59178
46355 36460
61393 19275
39341 47397
36492 22752
24241 11783
65512 63239
33712 61282
48125 50167
27518 31002
49702 21931
31642 36947
38693 63276
51375 16690
51620 41844
41105 41696
54288 52840
62469 23169
32246 25726
37785 40219
61942 20185
43116 28349
417 21147
18478 2448
12782 11762
41123 31784
31917 16256
13463 3613
63687 37149
53768 7799
22659 21703
24938 24843
29453 45983
8474 64355
30434 33758
16497 41776
53935 44015
65163 17881
3799 28323
43615 38948
8313 47746
5188 27182
50344 23417
57761 59528
32305 52243
60399 16217
19920 34553
8809 8230
46012 62244
23810 56636
38226 32692
25101 4785
44346 145
57620 6380
60378 32584
42402 14584
5567 28217
1961 13498
42201 46463
38506 52938
44288 37930
63444 15955
18993 51245
62452 1282
52558 25556
55035 35022
34016 43049
58530 37332
26530 43196
43092 45606
42102 8110
16154 62272
20125 21546
11670 19147
10981 27970
30102 51664
54517 5920
26709 32504
45351 35985
24567 2441
14795 6309
16990 45678
50753 31535
13321 8027
670 32818
3985 60253
60906 51174
46685 25560
5641 38526
42146 25609
37917 39090
33901 31712
20108 47180
34332 58235
58657 11002
35303 22992
43511 7855
26937 12534
37937 60261
31055 32078
35924 21309
21310 56783
58923 53878
64800 8951
22766 43979
61934 9988
56 35278
62698 26028
714 51050
51388 53133
35266 32141
6410 3875
31763 62182
32454 37565
27782 9550
10182 36018
56617 35756
8553 26687
7029 60836
13115 42512
2497 18307
15085 17238
8396 55004
19899 58032
54732 55970
42826 16051
31713 24597
22298 36345
30748 29619
52946 10796
35715 64892
36148 48220
43759 43511
810 13746
34901 13808
12569 6153
2731 14906
2624 25781
30660 56628
8020 47375
37967 44463
25013 40232
27363 49659
38289 45524
22284 3765
10344 39832
33118 4539
23290 50415
61805 27152
40774 15316
42568 39118
4076 64294
65283 57284
41171 40406
25474 9193
25940 23891
2064 26972
22923 58588
51761 28067
39627 25763
25695 698
4959 28778
34617 62435
36196 35457
24430 1658
61432 28000
16295 55116
43161 24023
32610 48078
59785 62083
20126 19956
45728 8758
34909 57765
40509 55692
20031 49764
5096 51018
61275 48545
47889 34910
52900 41471
64429 41203
62094 4124
16 23494
33726 36639
38444 10505
17538 11882
27106 16123
44902 39346
40807 32697
20688 16470
9285 53436
54447 15892
20258 23518
17651 40367
24402 55177
13401 49149
7505 58680
30473 33948
60348 56293
36300 44497
42845 56389
11551 52828
62348 30301
24948 30842
26325 2327
6933 56207
14954 46252
60341 41540
47325 56367
57728 44726
22798 10272
47534 35719
40688 33988
8521 48115
26383 61011
52935 49926
30637 13956
9595 41326
22756 380
36049 30876
42005 37904
174 20492
24341 51335
56980 31730
24238 56248
20347 38935
58729 22951
35153 63823
59853 22870
15372 29207
30760 16689
12786 33532
45906 25469
39582 21278
32359 44073
34910 61260
36555 44438
46150 48391
35495 58800
35335 64824
19706 12734
54705 39362
56672 10037
39967 12933
35887 54677
3698 18860
59415 7416
49103 15741
34631 44193
14785 30131
2517 29872
21750 64618
31132 7194
59508 9926
63859 40561
45429 63030
19165 25435
8385 19955
7891 11837
53998 1688
42536 9410
29561 32650
30371 22000
26705 46344
5257 33790
17920 17775
45437 40903
47213 19707
46512 30955
53277 60726
59254 31492
35644 46013
14908 46785
38508 56438
35791 15720
40742 20115
63233 35941
30006 10638
22144 3961
46418 48873
10700 59511
20432 65426
62708 31481
18006 60503
48871 55020
3439 62557
27758 4112
65272 51732
15830 41571
30765 57980
40421 21209
58427 65494
23888 45068
4956 29703
48211 45039
40701 12056
13167 35135
26103 15409
58429 61617
9612 20243
15922 5259
28393 36855
20460 61407
9161 3882
55437 26609
21218 37316
41957 62293
32941 17174
45918 51186
12335 27528
2231 50771
21826 12573
15751 52939
26481 36005
1043 55880
48726 19860
33117 29618
32170 29644
16577 56384
13059 55538
24530 30268
14518 55199
36467 15277
14301 57927
27158 32263
46067 343
5014 35954
6200 47866
55074 31876
25873 1186
58609 62061
51283 41244
217 18107
45615 62139
35919 60469
5297 62958
34843 2776
51606 9570
49660 10099
9138 1056
25654 57381
9094 51251
15879 49806
52749 18712
17462 42882
18752 36086
60932 13158
53290 38960
7868 35170
3985 60253
26046 35981
50141 14498
12947 9017
17702 18830
27597 65221
19555 57158
3865 23152
36537 19729
48770 20260
52700 60487
47692 9607
21137 37537
1275 23822
23585 48869
53279 12421
6784 13218
55940 26284
59481 55090
47279 43675
36312 19585
17968 33910
31909 49400
1056 24349
63104 25336
13083 60039
5443 26457
45974 14103
50140 30653
41007 8362
23817 55144
37730 56779
26494 32898
51564 25944
55015 41941
55275 20174
10879 62529
14729 29168
40466 23596
62100 43941
47862 30775
53333 41680
40967 53855
30101 3846
52744 47750
59977 41829
50612 36833
31096 54894
40258 1516
19743 12504
48463 47508
28046 19619
26036 26431
36758 41422
28309 3169
55857 4461
26273 49668
42043 51074
31528 4449
17896 27868
40682 52313
61088 28526
31830 46673
21931 32213
29507 30479
31394 26696
46270 15186
17708 26578
54104 6068
39935 51159
9196 46401
62943 27768
11995 30249
56605 3503
58128 63058
26187 32191
20033 41826
64571 11189
6406 12670
33779 39961
40361 53249
629 18669
17369 5058
12216 64408
58262 24793
10806 10232
15193 46058
27442 58351
25401 38116
11023 17452
62666 27122
2288 22582
8499 23684
56677 19394
19907 8145
11291 36037
12957 11569
55909 32177
7382 36774
24376 47467
3887 12565
36041 64639
14011 5831
22403 55622
22382 37517
44692 21006
9644 4121
39188 2638
49367 41196
58201 31800
39276 42384
65140 40043
10449 56260
45665 4627
51070 25251
21790 21989
12588 52122
3791 59320
14318 2686
58325 7875
13476 8812
23001 13014
61676 45256
60576 60927
16489 45764
40877 13099
1431 28324
39258 20630
4098 17270
34975 55882
12000 170
1966 48615
43201 26845
29763 7593
29432 46667
44346 145
34735 23106
8224 3450
28452 58288
6300 40052
37221 60634
5121 10650
48073 46850
27492 3631
48680 45137
31626 61523
39988 62846
27600 39598
30409 23314
55202 27482
65312 56550
26726 3076
21927 37280
50131 1452
64723 47889
10472 32932
55571 45384
53114 41139
42591 828
33140 7471
11519 54127
56029 22470
18833 18896
26350 12728
18896 35942
41926 62187
42756 56897
36480 42043
46570 48175
23810 56636
45081 65330
33166 32758
50871 52764
65115 62169
21182 12262
58796 21840
7956 21618
63340 605
23695 26558
56407 10575
59970 9070
52486 57861
42335 12298
21033 14627
45783 22314
26060 43526
51489 17827
63179 37095
51996 27621
43725 49171
4739 60875
3493 22105
42361 20259
6808 52632
8077 6476
30173 17980
13367 50304
16430 44651
21586 39649
37133 51783
10868 63049
36088 28328
39953 1891
25656 36342
55692 22684
50434 42607
34861 54124
17432 27327
12803 11513
18358 3819
29597 46410
29389 41386
47031 49804
395 59687
2740 47440
59724 17914
33575 47490
61865 24038
3134 56494
35972 36925
55598 2877
61649 62144
58166 15558
10411 61134
51573 60083
39031 58646
60969 8953
8232 37941
46073 13972
30732 20403
46451 32166
1402 22623
40493 55785
55900 5476
53491 58142
60164 15953
10710 18036
31751 34505
26507 36009
9032 26451
19772 53441
28274 58094
18354 46353
30735 60411
32200 57095
37452 53787
18140 16512
9236 32731
52698 10805
32659 60327
15404 55761
24037 1635
14056 24002
53341 12817
726 18550
35901 19963
20499 15734
27380 36483
552 28208
3622 51898
14269 48842
11002 37541
58961 40545
63087 53383
9889 64120
63485 1324
28224 43311
65109 21986
9375 46419
18599 47254
4687 22355
34223 3646
12751 7528
61976 37042
33000 11494
10906 24449
7982 30345
44564 29723
63620 62202
57171 14411
44090 3168
32233 6505
36760 3336
19001 25368
10163 60304
31643 7986
16202 10421
32280 17201
49685 19685
15836 22916
31428 14012
30268 53339
55594 725
27262 47914
37532 29911
9706 176
43524 43989
28553 15607
25650 61428
62583 44957
26541 50476
10461 26231
659 53696
36265 38769
15023 39796
54345 18940
47309 51127
29514 28959
15842 49628
15219 49864
58379 20511
53741 29078
51544 2837
9869 36675
44328 17988
51954 30054
24527 25778
23423 8518
54502 13037
4723 36368
21427 25428
30273 9667
17756 14539
27069 55424
16105 30353
7937 48484
43250 53914
54721 12919
12816 45701
14958 5662
57062 16268
62283 63612
6942 53784
59296 32749
31425 4070
10761 44999
27253 5981
24835 50702
32599 16558
13907 1164
16114 41505
4131 11495
46121 58024
48096 40055
13794 65039
29997 7148
62593 17710
50583 2325
27252 30680
22884 6708
51347 45654
3643 53655
4010 15882
32813 22917
45013 47264
38193 36625
46922 44825
29176 54256
18069 53958
21230 37770
32081 36324
33234 56338
29325 20479
6225 46643
18465 24348
19046 3878
21875 60026
1460 52944
47420 709
26411 9678
29430 52609
43664 14132
19474 58006
25916 35414
21080 7762
63466 57611
52390 39404
25045 48020
14726 31414
49283 37700
12101 26455
1880 23091
22823 15534
34380 4283
40510 27345
44554 12091
14464 33545
36786 33288
31299 29432
55675 56715
17581 40553
55608 44333
4287 22146
45217 35311
56642 46820
59541 45607
10448 38353
60202 48721
9573 8231
30163 9010
42423 52523
33776 17826
802 59190
44245 48624
25143 35063
30599 28858
32744 20471
10666 53241
32308 41683
63396 8796
57559 33201
44 45223
24402 55177
44569 45544
16002 31696
27012 25164
7055 39896
27246 59128
42561 32043
30556 63301
30301 5235
25235 16397
47864 9555
64695 11008
33603 1484
21146 4681
61470 64072
31229 16203
42604 14274
62381 27141
10003 1106
55957 22833
9933 6810
328 9048
57140 62831
44731 12074
11918 26588
26931 46576
3020 51982
3003 51469
45717 36656
22010 55609
13535 2169
22150 13884
39700 11124
64142 14620
61344 7430
18587 18910
27038 6211
46073 13972
56506 14875
36268 1423
38548 50928
10454 42893
55512 59630
33325 9788
24953 30886
41713 18653
9150 28805
951 62754
62964 11554
2969 49189
3718 10873
37442 23756
18411 48608
10272 62338
30587 34011
36831 59766
21974 62280
48373 42558
7949 61177
63504 521
62743 12430
50950 64619
51690 54893
23030 3951
7543 731
41023 13978
41549 49588
17951 63393
28897 27785
38194 16779
52652 39921
47944 40104
35277 50237
49457 53692
28926 17431
40724 63319
46937 50972
48447 1689
14925 5867
33239 19643
34150 14764
50904 49583
56196 19916
15903 34511
9939 18072
798 21395
43408 27803
40407 44091
8573 11307
37673 38768
2926 22445
19632 24266
34946 29476
49525 37804
57315 58360
22137 16060
4681 38763
21315 62781
13454 45046
8823 41691
8714 14436
44600 2994
5261 39246
44482 55385
56149 8032
14752 46316
46069 26179
27846 50494
16377 47941
45059 3937
411 34688
51335 16053
2108 10337
46135 20351
44189 35843
61288 7708
6731 49416
10940 57221
31832 35502
6990 35253
7193 42170
58041 39451
34782 47619
53344 46606
59641 8008
41629 10785
4100 37802
12375 35690
55788 52826
45547 36397
16586 19
2069 60379
30673 41291
19671 4564
40097 3669
26610 4658
26086 12712
42832 53356
50887 2938
47451 40434
14861 16467
55558 26341
42197 43111
45771 64836
24777 10627
35705 41091
54993 61930
17676 34920
52539 30136
50909 6979
23965 52321
24142 18570
22235 57922
30687 24744
33933 40592
15525 62769
21546 38306
56792 48103
27631 9626
61441 28286
58155 6820
62693 27580
62600 41946
10461 26231
58680 35818
21079 37121
42565 7083
40828 14089
63814 11323
20712 21616
20844 5952
61309 5180
52656 25165
14911 340
8286 56031
572 14707
24896 36910
17444 23538
11007 40732
1543 3197
15243 8135
24986 37592
34267 8733
17472 41005
16689 52454
29766 40231
28147 56832
51006 18118
48567 10220
41714 8858
2203 15920
20023 7297
35517 34975
7301 54199
34422 34450
52864 2413
27483 19622
31557 20391
24233 11993
4013 42517
58080 18431
41874 45249
51035 25995
21344 47718
16946 31468
21671 12129
25562 54445
12204 17178
56867 7224
49130 57802
36222 31802
54171 7938
23593 769
3358 21506
43581 45599
56404 14899
29818 11705
40203 6793
48615 33564
26440 11711
40989 40245
14474 13060
52113 7670
54918 8839
20638 17112
21156 44526
43016 60418
51715 9831
15954 36219
53049 25302
45015 5126
19308 25464
7810 59120
8151 53679
27494 9429
34936 27937
63721 61614
19711 34607
17349 44484
4879 6761
7859 11617
8764 34151
21026 40738
22220 59451
13350 46469
9546 62384
2154 48110
8836 8273
53711 40175
21781 11227
29326 24317
34883 13307
24607 344
27 62216
19834 62449
62852 43023
21589 55298
7371 27413
41353 25623
34437 61607
22821 14270
41250 37155
55793 49375
37755 22323
25439 37019
8909 7056
21900 60787
6974 29542
35609 2041
21822 27878
19008 61209
64983 57902
53811 35573
20545 63828
52978 29208
45683 48712
24743 8599
64277 62016
31531 6109
19018 2412
43161 24023
18045 16164
60841 8462
15062 52878
661 36228
52053 11699
27309 4185
19391 32567
5141 54879
51298 21231
31612 3430
50049 25750
3448 17922
27492 3631
15858 26850
35060 61064
33602 26587
49001 38197
21013 23950
43809 5309
20627 14953
48502 53666
42586 45730
53979 53351
42858 27243
27681 45973
21538 65270
31542 51584
20014 18270
18591 55322
65477 22947
23789 61312
35789 40502
6992 34412
15345 53582
60538 61323
2407 49954
5290 36352
15590 44634
58317 26125
9153 45820
46267 50946
21363 37012
64645 11626
62968 40498
29549 14505
60222 60858
26005 18522
55808 21174
17080 51900
42451 13352
28856 54098
14998 18518
27865 18756
21405 58793
58067 1129
14117 39112
18239 59251
62204 23148
39792 63207
32033 23577
12697 48554
54561 39383
20167 55931
16442 41587
11574 51699
9283 21019
37250 52842
6220 62336
61907 49451
24260 21138
43295 1432
26100 43294
3300 1230
8819 16937
7164 53519
58133 60975
58481 61044
49024 43906
62713 6268
10693 27826
25262 54820
12651 59898
24283 62405
56686 16923
568 1966
43092 45606
25012 35407
13268 7272
31025 11122
38330 2287
48345 26598
45854 50180
50923 2820
54815 32117
62660 4108
59532 57018
49256 28300
8409 46366
5375 24871
34789 50988
26565 47836
37331 11752
19112 1464
52308 21592
56493 63464
26577 61863
35555 17749
7466 3082
28627 44351
54864 38987
60614 30601
4273 63772
3624 46976
47250 36516
9749 14656
54618 38961
35035 26233
9208 26633
2833 36586
7865 63794
64847 2654
60568 28327
7189 31364
15282 25158
12953 36658
17456 54266
41268 32157
2850 49334
8490 64458
42080 29241
58444 42572
55591 46460
45312 8744
37789 5350
22313 13666
62861 41722
42377 31390
26866 40011
58785 21302
31877 14995
46635 14340
56645 30311
33989 46043
46231 60627
26069 26599
16582 55739
19958 64698
11862 16593
29411 25083
12890 61101
8766 9336
19614 2707
3390 8811
55841 1201
38859 60601
40542 2316
25263 6889
5354 6411
42491 38169
18655 30755
27483 19622
33222 36029
64908 29735
47566 31805
60320 33196
2859 46301
4740 54198
8494 20926
37517 18575
20979 24736
9537 52930
33682 52928
12258 30822
56887 52140
4178 15658
21381 42801
58009 15035
38441 29855
40855 33721
64557 1211
44660 23902
43671 36669
22910 4047
23197 6931
33648 48045
7219 50101
60116 35643
59761 16034
56047 31510
39884 46063
14420 5528
43416 24279
23489 9033
26793 25447
14142 3245
10496 12814
12734 2824
64446 16173
1855 58593
43725 49171
39826 5193
7594 45662
51687 62319
64012 36730
46391 49212
34291 50638
22585 18529
49245 19114
40492 6375
56443 61197
5404 53150
18314 3083
5719 13997
13291 8757
7395 3203
28078 57433
923 33549
64032 64298
19176 55684
18613 52479
29678 23351
26854 56068
55311 57897
53553 48589
30067 9543
26051 16661
29918 62261
29726 53328
44339 52315
9664 3034
15980 25525
19784 17233
1116 21873
55304 18727
3843 49073
61230 4513
10468 60895
37540 4601
789 50327
63829 57327
45900 61636
27621 43924
57197 12793
51666 57934
30478 61865
34154 54618
47427 32255
6779 3799
28859 55790
307 52987
28038 31558
30012 55250
62129 24941
30865 39396
2066 50704
22130 14893
53449 37048
29928 29006
46214 62075
7631 57343
11419 16678
8318 8499
13186 15066
53874 18789
8885 25527
32383 56119
32311 7299
6035 4031
4080 44214
64770 15077
55711 46885
40685 4835
38398 15934
52134 17569
14266 50853
27634 64467
38269 17935
25355 51119
4881 38289
55123 2531
50559 3767
36137 50311
55558 26341
8039 4460
15051 40287
59180 28608
14266 50853
64286 10052
19615 56281
39096 35962
12633 47606
56524 59116
46588 50715
21455 33371
50801 59846
23328 48595
51992 23144
7851 62865
3491 62086
48715 23899
42720 17832
37400 6844
25189 19205
16443 51597
3776 3036
32991 51460
51742 51604
41112 21223
59039 61120
12405 42804
12387 58297
51002 5469
17778 30438
62565 21287
24965 49582
48677 23100
40815 63526
23662 12479
43276 44364
41144 25271
56455 37432
31941 2611
45407 26220
52602 9802
47985 9766
61307 33959
19224 61818
2799 17544
42128 22002
54145 57410
64792 36978
13455 49846
9590 8467
17050 35987
1685 47332
22480 58428
46096 63925
32032 24557
34682 45579
40916 28270
24226 63090
35518 45337
695 25524
62633 18775
41830 51124
16633 21573
8044 51725
29017 35570
4254 1639
9755 7876
45295 55403
16365 55030
12415 20825
47467 38220
26306 11130
61192 9383
62409 32294
38648 47623
3720 42785
25457 31346
63981 28600
12018 1915
41431 6918
3646 50841
31344 61905
46884 25881
53786 64039
27814 20546
6512 12316
4918 28848
52823 25958
40930 28894
63663 34125
15822 54038
55362 61362
25729 14332
45186 9951
28817 49429
26024 7732
30699 17088
48260 59883
25133 32029
59420 4102
60263 20088
29146 27116
44122 25906
49827 11645
48156 53022
10699 63651
28683 44304
35920 48555
61361 56221
47071 58951
26371 3803
14443 48716
25379 6560
23088 44312
58166 15558
21544 26494
14870 52772
27606 36619
50393 11821
33562 12063
54997 21648
12131 24797
49326 8781
29922 28708
44045 53603
54278 13798
24174 53971
32661 65331
46893 54657
35115 54747
30764 18800
63486 25759
20604 34231
27588 23987
14323 48651
28190 56323
42938 28358
40445 10628
59016 59703
7394 57966
35223 25878
53037 60112
28455 630
20860 36722
39369 39124
48346 4537
57782 55469
48102 39111
39784 16527
48762 52666
64280 23373
44062 60851
22830 12579
51719 32883
44087 47274
37712 58084
12619 36398
34886 3712
14434 59715
29012 30996
42744 38098
49611 11971
14744 35087
34116 23711
16985 63800
52520 35372
20985 9575
9196 46401
34024 31061
18137 10739
2776 31664
25230 59003
48594 54924
56649 56915
59417 57350
57551 26955
59750 22322
46762 54805
10564 36678
57156 54336
42821 38467
47575 52943
41814 1838
5224 20472
32914 5050
20340 31549
26426 2928
41160 22962
41240 2939
14426 1633
43063 52190
55450 65172
18797 27787
7371 27413
51012 7378
22311 63944
47816 62281
10804 10168
14814 61442
2423 52922
7169 1538
5374 16895
6706 36597
41350 50353
52342 3564
49875 38849
45169 9199
8785 31548
30042 37877
43680 5584
7851 62865
2650 52020
23345 58196
31258 61321
29767 59119
50688 36794
16403 40517
63040 37446
10806 10232
13458 32768
29575 16588
30943 62360
19176 55684
26094 40890
1128 24061
49506 22812
36697 32690
57950 26738
25313 37234
6550 37678
22419 48645
31461 8598
62817 871
34201 11596
63088 38981
7902 40705
51552 54078
50209 30078
4143 64212
65357 6248
27463 24590
58288 51146
49198 49376
39880 34339
30539 59853
20796 1981
57303 15702
22209 8346
1555 32784
31699 27709
64057 62569
58081 9482
51823 62645
35498 42624
57006 55812
57536 19959
37298 54241
50299 28312
5705 3817
15700 32907
63887 32012
42918 38091
25515 45308
31404 11532
46516 24547
57998 542
46559 39697
62658 35289
8073 32585
56642 46820
55761 64538
17586 63381
42590 46218
59734 24649
15775 22016
18965 12232
44651 27859
4727 57987
59730 8477
29095 4902
15949 31214
34604 46288
6099 64197
14597 20884
59026 37889
39270 32092
13511 23325
47300 40669
14732 10934
27773 10956
18257 61896
28163 39987
17660 19124
54129 16471
5749 3719
62800 41237
1755 37890
63499 14688
26908 30561
59053 40598
3416 39427
17740 18447
31711 55645
44585 30332
55136 23729
3020 51982
38360 41275
50517 34182
854 27633
45701 61435
34863 24640
34200 54814
9280 43293
46215 35955
20817 19756
44037 50778
49690 44126
24024 28030
7996 13572
3440 38594
37066 46028
46801 30798
3923 18667
49131 13566
47739 30946
38006 6313
11030 27320
3764 30532
33524 2419
49332 17244
5136 55782
59450 64700
8264 59872
7952 30707
52943 50484
4212 13228
11763 11401
40162 13609
55634 60606
8275 19687
59908 31134
39545 32549
1412 21037
52605 39170
62407 11851
4168 44677
27514 40107
43817 46446
11525 20964
23139 6964
32712 35927
17053 65062
14927 52877
64290 49008
56949 63793
62600 41946
45344 39323
27610 37643
36133 745
37731 42240
4035 52424
21471 61026
17227 30292
40059 38659
50059 39001
25173 20118
25211 57603
31386 20563
64168 40455
43552 12881
48615 33564
50327 33694
21759 21871
55341 59343
55915 57339
7620 54934
20988 1238
30585 41241
43006 37701
5311 11738
20485 45665
27732 60113
3608 28014
59314 7225
306 56695
12772 18319
60449 46958
52512 40512
60182 37630
12911 64966
52425 32107
55265 37240
57759 6426
28394 5265
7433 25562
43201 26845
14508 56002
7174 45161
4317 8901
42650 44292
8304 63465
9847 53738
42488 51217
50677 58365
48499 22495
9505 48655
32799 30993
42295 11230
10467 12446
10204 30699
38739 27290
50633 53054
27283 26013
20979 24736
816 11196
48811 26429
54270 32672
15613 46869
54716 54951
2184 40191
33862 41263
24634 62964
7058 10058
60397 62951
46206 3431
58044 51819
65378 52762
1778 47626
7678 39458
51439 1042
34883 13307
565 59326
11366 12969
44817 9866
60275 39144
62750 16452
18911 65170
33715 21974
24174 53971
6505 38800
6769 39293
719 37055
47372 3468
31278 64429
54021 22958
27667 38672
15253 64052
49326 8781
25382 55706
19855 5982
12153 23381
58316 39033
55122 2156
38540 10415
27764 43698
59603 28784
6425 10081
56242 38326
52977 6760
8215 11251
17712 35229
21672 18859
6440 49921
61798 23216
61155 10967
52648 39114
47706 49395
59386 9468
61941 27444
47342 47393
33150 31210
7508 28838
26083 5667
6220 62336
15352 10164
35219 10311
10223 14862
37538 40745
45759 38945
53516 50230
62371 25182
46356 27884
64644 45253
24482 59914
26945 50034
64858 9740
19230 38629
39477 3823
30719 47255
36526 59564
15678 52295
32661 65331
33040 40990
25065 55193
46323 8690
52286 21562
31826 2309
12462 14031
45929 26748
10511 47861
50303 38305
18486 9001
6715 56985
21940 18192
43904 43384
54064 51244
29010 36388
36643 57189
56630 31201
54102 33515
6780 48040
54080 34170
37482 21855
10061 36122
12307 17944
51602 5291
23101 35098
2516 49951
42834 35515
61369 30853
33127 54242
57676 976
40024 17843
61608 24123
39402 13679
25663 11141
16020 27873
2793 58151
19896 31985
21848 32365
60260 26971
56836 36190
26282 41619
59881 40655
21627 64714
25293 55681
61336 14766
20368 49299
58466 12321
9170 4353
27985 57429
41184 56383
10916 53396
19620 5218
31949 57142
44215 56517
17491 34233
26737 57974
7585 28847
17489 48004
54753 12820
34895 59696
41102 35786
31272 29037
53740 10134
23712 33569
22909 2063
52241 12466
4426 39148
61700 59514
60193 35262
25694 57338
22085 27611
40092 19851
30291 6318
24518 55540
19658 25024
50098 17635
18473 24032
33465 18660
32434 7202
42312 50299
12938 33348
62669 44508
582 59788
37633 54212
41239 56725
2518 32200
17073 31905
27868 35096
28163 39987
28498 31238
26620 21327
55695 20116
36160 42189
32087 48310
20180 24467
36921 18182
40907 63638
39120 39880
28157 55378
59159 31834
18852 3650
22791 49572
15586 25466
13964 19085
35593 3411
30278 9415
59745 26786
11793 55704
19639 22954
31802 37567
12293 18747
33417 29927
59805 51708
1465 35210
23279 6555
29596 2124
28340 9949
27177 55402
41732 19843
43082 52677
31854 22948
50727 13337
14731 16672
10432 3968
5454 11918
20953 19804
1813 56814
29829 8441
47016 867
33286 10396
40270 39180
57523 23378
2845 42298
16330 51641
35864 54804
9225 21945
50299 28312
7736 35361
8272 19672
30101 3846
65116 65385
27751 5182
16639 60299
35543 16823
58121 54802
6558 5841
50113 28726
22724 22914
16424 23784
64051 11476
8724 3998
28199 22720
5736 4424
10833 34483
10603 37897
47484 455
20594 62707
62508 47485
39027 26489
40291 29543
58157 13730
18644 31724
13781 36462
11121 20527
45364 23562
17710 18850
59356 47624
7728 32320
824 58048
39798 22644
29460 43991
52478 26777
18312 2849
63248 4843
24896 36910
16143 56891
35071 58506
20694 58695
22020 28843
33164 8066
32087 48310
8102 7811
61368 51518
3399 64463
17691 15905
30796 15946
43202 1969
11434 11949
27711 19818
31677 24595
34473 32963
12047 58586
22426 43724
8199 11848
39677 17168
32046 22788
27233 61194
8013 19283
9837 8010
26928 63357
45395 64249
10225 35867
54864 38987
64884 51841
49127 14783
18211 28416
50045 1169
46379 512
47489 59765
44465 63215
5423 23391
52052 42408
51055 42710
41771 17035
40359 48192
20575 62988
2362 2547
5512 32920
28530 16489
29296 23229
19868 22373
10906 24449
14704 36330
42379 62911
11721 61820
29762 33070
7245 27505
39460 42579
17617 6359
30243 7079
12161 42515
4239 38430
8470 34957
55699 48277
50004 25383
61013 55267
16684 33920
54130 32815
49073 60282
63413 18134
40392 54054
61795 25988
56512 1260
48542 39529
508 8320
33 39284
46945 39996
35843 35033
37 1185
32977 7172
17270 393
24114 14134
31706 26394
42678 35568
51288 1043
20405 51522
39708 17701
62629 10538
59887 5684
27632 9723
22805 22551
39243 27497
4108 44440
37935 96
49384 54865
865 20751
54481 3871
24204 36839
43619 65044
55043 34313
41129 33148
37611 3068
18638 51101
13575 55132
21422 33829
31717 51878
52456 15833
59409 53900
19542 8655
59141 30752
38178 45019
14474 13060
63147 10493
9021 23206
42655 10826
40757 40415
12040 18705
960 25834
1985 55497
3143 24612
31725 54789
37970 21942
11899 31363
60542 15806
52027 42677
35621 64573
921 57485
49856 7632
5751 13982
18429 57656
7053 40834
51490 30840
8156 27298
4104 25027
62893 53769
48715 23899
62724 14119
62179 24511
7614 50615
57892 7330
39816 33000
46616 268
55343 35166
2326 48520
13137 28881
41904 21093
39728 21689
4265 36887
30695 20252
54874 37724
63906 31692
49843 25838
26416 2482
13254 55539
26960 23734
35651 57817
8395 33065
37135 54418
15952 37768
40861 57686
64968 12071
1164 25237
50511 9249
51717 61599
60153 20387
48772 32467
32274 44994
45937 56240
47663 29268
24951 47023
43375 27747
24666 61549
59446 57896
60400 41066
62695 48139
9450 1529
5929 46240
31296 37944
57560 64044
8378 1196
34954 28427
25952 54193
45364 23562
22230 61509
4868 49410
10142 63008
5844 45783
14149 65208
47931 57259
30708 48706
33232 28755
36057 37050
27790 54718
17947 13861
10829 17510
55444 36581
12673 46551
54871 5713
8698 40595
4009 21991
25489 34174
36024 21610
55071 14669
15982 28811
46564 21897
19789 43757
19725 32847
15860 5948
17853 50537
27344 42600
50734 14335
33182 61922
33373 837
35178 61130
32402 41232
57823 34947
60645 29825
12983 50368
47224 9798
32004 7927
37671 29088
43579 1740
27409 37135
38041 2013
42901 51865
43902 43302
39807 42146
58473 40162
27622 36779
10496 12814
26673 38574
46053 37288
44685 12401
9485 49310
63828 32987
48697 17145
1313 31138
26809 23053
38419 49922
8099 47748
48190 43460
64050 34079
41803 17633
47222 15529
39460 42579
24746 25076
65165 34653
56092 23402
17251 18109
63045 33777
61273 56975
28473 40770
13877 62880
58395 18454
65078 16427
1402 22623
20874 44711
50724 28711
50441 22077
57727 33330
63594 11676
54578 62672
63179 37095
31260 50266
39515 23897
28824 45890
12228 3220
35614 13258
45183 58462
64039 63795
9314 21898
17380 19774
43860 30701
59140 14008
7751 41685
49191 54236
2398 18465
19299 18382
18536 1498
62373 51892
22065 13113
286 51281
64258 4306
34611 17443
7789 28668
16417 44112
40965 53842
61277 532
43451 371
29873 14883
63411 11739
57836 50326
52207 7586
9291 14394
32190 31185
59701 1769
32295 44169
48197 43591
60472 56607
6608 4069
33002 35932
16935 44251
60638 14116
28116 9892
31866 65139
4773 53282
38713 17767
65403 40876
55711 46885
44523 60391
19013 55581
24451 23486
1681 29311
3699 18952
48775 57206
32421 46640
33710 56751
26643 45577
4276 21529
47422 60491
14278 58515
41256 5793
49457 53692
38478 15188
36648 3674
9890 28878
14903 46153
62439 33518
35353 5575
58803 55266
1689 43957
65343 63487
37802 17730
40162 13609
48454 31120
29357 4431
9951 34760
8793 9711
19308 25464
42461 13856
622 18164
25482 4752
9064 51270
47821 47304
23809 28337
19540 43428
50690 22080
55414 41728
55188 58069
51749 40648
37130 21720
19492 55054
21036 8092
18134 29230
54030 23720
2801 30715
58560 41370
8841 65417
40202 25594
48473 8921
5494 15982
52619 39925
11785 22218
32083 31769
25978 48889
10399 33177
34026 43351
53124 13382
59638 6435
18616 7325
55609 17188
56188 26712
13954 11868
12227 45884
42137 8165
19360 19495
10422 60312
58418 14165
36190 44992
18995 47128
28890 27017
47410 15438
64171 40710
7196 42849
10359 60121
31789 60499
32734 39741
18152 27101
47267 41413
4003 21555
56945 25300
24077 11472
47773 17430
21084 59036
6615 58601
41484 41246
47181 44843
47018 4991
55720 5693
63501 54734
22417 47921
33929 28672
31713 24597
7131 64534
25358 20759
15697 5419
44679 32268
19222 59249
41295 37582
51594 41104
2889 28417
36713 57787
31379 6967
22101 22913
30395 59604
53173 43704
22551 49152
12073 58148
26559 42901
28627 44351
11920 20885
32321 9196
10060 59522
30860 59611
53372 56026
17195 16695
34621 19948
4267 33953
42184 11812
4425 22096
45638 59472
1181 19555
59056 62949
48162 35891
21679 3999
46365 57217
17059 398
41766 39393
10593 30433
20022 43284
10063 27198
28040 58031
48088 17156
60906 51174
37578 835
30024 56481
33451 57957
2812 10166
44082 31360
11425 47635
11298 40416
23023 42391
34301 50291
20983 63961
33530 47045
25562 54445
31874 25754
39926 11810
47603 20051
14925 5867
62538 3155
23393 40799
38505 32330
25734 60090
28382 58796
31086 15429
41973 45361
36875 60850
58753 12597
50301 32044
21213 2403
11703 32928
55851 54781
27284 40968
56347 30096
16975 23380
22704 60398
59410 48218
46108 23996
25473 30178
57079 15711
1690 33457
11475 63490
21396 48073
28074 47981
31226 14312
61379 10787
51097 60400
50259 42059
45238 42129
5150 57096
6041 47562
48838 5936
35270 38131
39843 59493
4924 63858
43226 62366
21856 21971
21258 52869
35934 26272
364 12801
57604 29907
6163 45294
39523 54650
41363 19799
30258 64478
8119 53134
41099 14026
21179 31205
15318 46484
25383 41883
61035 18701
33189 2861
8100 51671
8888 25766
39170 51405
47580 26406
56610 16669
10811 46552
13665 13477
179 30858
40106 64165
46566 43179
16445 52371
64342 64100
2566 15034
7911 23676
59887 5684
1359 3215
7923 25339
19697 3780
33366 62536
46397 50457
35762 65189
16762 21342
34918 28791
60311 22054
35627 34272
59500 19331
15843 42753
57093 63473
3494 20534
28896 21486
47815 8195
45645 20459
33282 18173
34869 53756
46764 1552
27731 64987
12866 31010
52100 58214
11352 9279
56835 30463
10798 21523
24671 28201
48884 32239
54777 29646
3542 55229
4139 44393
18450 28909
47381 35380
21966 20757
34470 59911
5523 25334
64191 46840
11747 60305
31561 7574
978 53279
37167 53143
50984 14268
46363 1889
44873 47530
19295 58868
45336 14940
56399 48563
8199 11848
2362 2547
24041 56681
56983 24170
39078 53252
13643 49594
22708 23066
57726 43462
8198 38585
50056 29987
29694 18640
48522 11706
1023 47487
1635 26344
40637 3290
17114 33644
51168 46305
48362 46735
24377 19812
64720 56395
36420 31765
63713 60697
45103 6301
30990 506
15560 41754
27644 24667
29223 7388
5783 49062
60945 12181
26153 63270
58305 44548
2767 46314
40433 47935
61953 27310
28010 56731
21686 9628
64019 64034
44213 64581
56529 43687
47308 51779
49150 43243
55264 62994
43541 21520
43733 6199
41103 8460
1697 60181
44783 24632
43275 28043
35767 41551
47928 19620
2256 51290
16368 9860
8856 37544
53764 44446
39076 15668
14421 12610
13711 65145
7187 50618
6659 6819
41989 34612
5630 11188
44457 47512
9326 14601
54048 26668
8498 3498
53796 6052
8824 22357
24029 38562
28531 43843
26627 60915
20002 7301
56217 62853
49523 51139
20465 14706
10668 45771
32480 62241
25609 16893
11137 53479
50506 31781
3451 32119
58384 56424
32972 55206
61041 58256
39096 35962
13335 27104
63812 30141
31839 13148
55763 35496
22312 25000
15857 34908
50795 63718
3906 49979
5501 54216
21245 22883
11302 30087
52528 13107
29439 29745
17024 64091
30174 10242
15640 59219
59575 64572
28563 53848
46116 43977
37280 63589
54438 23428
17022 33963
44311 36435
43344 45916
32368 11392
55850 23390
639 20719
9241 61814
22072 60976
60022 38287
1213 48200
60008 31199
16329 53766
30710 14448
14526 36903
36504 45083
14985 31642
27639 24836
13177 11201
49294 397
38589 47766
57923 24115
20319 32460
46988 64187
43511 7855
5661 51203
59000 58622
59828 43810
53611 43297
20237 64676
56512 1260
60550 20175
14675 3916
41192 1262
19648 26565
6843 3807
9906 49099
51618 5164
18107 27766
7714 17969
33931 31435
15427 46162
43535 43102
40802 61960
43619 65044
31564 28316
11526 43650
40672 2290
14044 18323
18407 41445
63404 11693
47721 20565
31323 20081
39343 3246
23656 33869
18276 41673
16274 33730
51334 26495
12627 32076
28837 45835
49393 7896
40730 23951
57589 43893
52277 17946
30200 54176
41647 2815
4725 47758
38655 30708
31879 29993
4000 49130
22046 10107
22903 62733
57654 65315
27940 32659
4016 42254
818 33759
58729 22951
38822 45081
39243 27497
56451 27867
15408 58488
18688 43695
60876 40158
49080 37226
45761 20104
22113 37228
52978 29208
58720 22903
8287 35540
6368 9286
19090 40494
37508 17247
58216 5919
65264 12
43007 60743
11450 64400
35659 65461
21513 19658
33560 57476
23453 12387
43616 22040
7840 53851
34952 44373
45351 35985
41007 8362
1912 36879
27966 24480
45234 47084
17936 45894
11 60562
57850 21294
50933 34546
28760 56391
30607 24585
42733 8368
3358 21506
29181 31043
30032 37969
27030 40428
36647 51462
59657 12743
58283 7431
56430 27811
15231 53007
27000 13665
28051 29799
20820 55589
233 5085
23255 46230
8209 25287
15416 6246
64673 15289
50659 18501
64045 13889
27768 24625
7772 19771
7457 56433
17477 3725
10071 30036
21330 31827
20191 51607
38965 9436
61249 7019
33152 8031
42778 14935
61038 54276
27028 28869
16832 55058
15264 32635
58209 30865
54324 43480
56313 41774
53792 12824
17184 50966
24065 17425
54520 35105
62752 45333
57353 11589
55874 46326
57757 7635
59256 48112
57786 38236
34814 10930
39849 43155
57238 37354
6470 52963
8662 31117
26832 35146
19242 35165
61424 54997
63930 41822
41605 36100
55866 2151
44890 33345
38979 28580
52616 28854
7423 19170
28614 9552
12002 24080
35268 50145
59151 16314
20056 27363
32452 20760
25020 9074
54803 30374
769 63857
39150 63597
62158 6773
41860 6115
20297 54640
18107 27766
41976 29533
20297 54640
10406 45360
29771 36386
5346 33326
59716 56718
32613 37292
29222 52001
60052 31076
3454 15726
1481 36232
10182 36018
51991 28383
20090 54857
18383 58604
14356 48718
8415 42185
8090 3749
1432 13410
238 9064
47694 64912
14626 35712
47741 49936
24264 42843
10207 26349
47784 13651
31948 14133
54751 19237
27810 18197
57324 18053
48813 43599
24931 24561
62496 51627
7270 54070
35570 36607
30054 8740
49132 13239
23563 52578
29431 45445
44539 29680
9116 8000
10562 28614
53147 62832
61305 29497
28528 34235
36312 19585
57107 27261
18036 12868
56045 50000
45620 52425
17302 39561
61297 19773
56447 27979
6635 47685
29010 36388
41132 32960
7168 55979
41335 7845
17349 44484
52702 11727
33555 9914
6514 62516
17993 29583
9602 20021
6114 47132
42778 14935
5159 22557
62865 49303
58894 50908
6587 46387
10913 33086
44899 44340
41478 33122
19022 36708
4513 32127
49761 48188
47442 5116
27390 40692
444 10142
38385 49609
18756 23543
24613 1584
55642 51497
8890 1102
4683 39486
22114 20808
41704 27520
29608 42750
26396 43316
46469 48967
59757 2300
36084 13906
50032 8766
9310 2149
236 58232
65143 41585
10129 28907
50806 33424
9928 2042
18895 3838
26233 63946
28473 40770
58830 23501
15412 28730
63807 30331
3323 53160
9077 51847
52261 57724
35065 45345
60952 18885
64389 3722
40958 25095
58418 14165
55767 23370
54680 31188
48263 62131
36776 389
42171 61736
50860 14062
6112 55735
8502 39238
43602 49385
47401 65447
58951 3892
50382 703
44395 14477
54916 35251
64919 33460
56519 15164
40063 28138
63278 14252
632 23389
46271 59207
58909 21589
38016 27488
6575 45097
38222 12880
2172 37822
21238 27231
56681 25695
53119 58173
3631 44678
29252 30954
36383 10602
13785 28696
8924 17300
4425 22096
42933 61768
5754 48627
46721 61110
18770 62527
20472 17607
15468 13251
56351 63476
60588 13890
28730 64604
375 17385
36375 26092
24930 37876
36670 24978
42446 42874
4468 32201
19058 47420
65278 15337
17129 11875
4742 62391
55488 1182
43579 1740
38382 28251
4733 57136
11104 39272
24479 25319
22811 42999
58842 56365
389 40024
23141 47447
52369 34374
44239 57915
20690 15862
60147 53676
18836 10653
14838 32636
24419 1924
35634 2298
44866 46016
31882 12835
16345 59247
41123 31784
8103 17206
3117 55606
36307 31612
2120 38405
18082 14665
37804 30577
33625 38618
56066 47837
9363 54499
56884 42132
41689 59007
51584 7616
47145 35245
2343 25109
21923 16757
36497 46053
55914 33808
9960 55025
53863 12963
1332 2480
7770 36293
59407 3881
1191 22406
60672 51927
19347 27991
57134 61749
17896 27868
385 54289
19077 46127
44054 40210
18408 53585
16703 19836
14727 11963
29827 22001
10497 6878
62173 2347
24649 64984
32550 10722
46732 52638
47109 46075
22904 33437
63269 58997
11134 9281
11760 60705
30571 33191
58804 44859
1518 54944
54712 47387
48862 26372
18016 46195
11623 19835
45078 33362
41914 42444
38075 1948
28040 58031
46868 20299
13435 8146
632 23389
19210 54584
49597 54108
26878 29693
21527 62893
5552 44645
40434 15133
6092 1805
20602 40775
2370 29516
23553 56184
35677 39225
29044 24208
50425 29198
31281 56189
9150 28805
57247 60906
2240 42199
16577 56384
51226 48345
224 37907
57692 6070
63659 52546
59474 56712
53207 11551
3917 5206
48738 19029
7025 60884
32523 19435
33057 19488
38159 7933
9188 1444
11831 56272
25102 31410
32820 22899
52315 64017
27670 20791
33921 11942
54423 21049
52012 62473
5382 62096
4855 7116
27209 20976
28153 33940
33860 39849
30172 63849
64692 6198
49213 19030
35230 17167
14664 47011
12874 47614
50278 61789
42127 52335
13940 62465
13807 64168
47892 19355
33808 13868
14790 30444
43831 50398
18692 10349
6120 22460
13001 17748
50820 5063
60998 65122
16589 58123
27529 59114
55409 41595
28914 5853
3543 65171
53633 41700
49499 62427
53820 17279
2590 50677
24179 38879
17000 13596
16447 51549
59198 64131
63485 1324
34817 24783
10392 10152
20840 33938
45095 47857
38672 61862
45958 54877
46512 30955
8087 16334
24224 55864
151 47044
44485 43630
23656 33869
45206 51581
58967 7518
60891 26227
34039 28456
37719 18075
49399 52102
30279 61385
9498 37054
64641 14531
52976 1888
60638 14116
47699 65530
54772 43947
57424 55454
37145 34344
47761 12774
61848 63407
51988 56910
65314 12603
63636 46455
37405 4796
28308 14977
10251 35021
18766 18470
29987 7163
12792 16882
7727 15490
20651 17640
29465 36741
35848 52143
12349 813
11788 43617
6282 45656
13294 40171
58469 56815
26343 49326
4083 7968
57262 21306
24974 6808
57046 26072
34081 36636
29979 30738
28463 59722
46692 11713
31485 30347
51877 25075
19908 1657
24336 5840
44891 3286
7329 24423
3579 10336
34581 34108
55603 36856
11094 43839
32658 38166
16144 34376
6232 38224
11508 25954
31549 56158
23706 44991
30834 8872
58053 8233
45805 31789
11935 45158
44961 9609
49768 649
9447 54594
14909 8022
24143 20552
43838 20065
53447 59316
12154 36884
44460 34530
30135 55873
31030 10704
42038 54690
32351 40306
57942 27972
36613 3735
27851 24861
39425 969
51070 25251
41868 54706
9792 65469
56570 26068
47734 57245
37616 28256
50351 27806
59468 910
33014 55758
9286 29436
8169 45125
64507 28050
20384 1707
19190 27260
36500 25830
7948 23491
33327 9698
7457 56433
50201 20048
43219 9809
35588 21095
36362 43900
61538 8269
464 15085
40765 65310
47550 30690
21846 39434
58542 57017
27474 8673
2953 11732
48673 51756
63933 1000
5656 7823
49677 20938
53923 43775
36178 38518
64716 53062
57453 3225
15930 19819
9873 53714
47992 17822
48952 40777
48915 41859
49618 55852
48922 57818
37018 1071
28596 17792
1745 32236
5093 20864
13821 50450
63684 41950
61775 56926
59059 53588
23404 18334
45667 18181
35087 61815
5377 16294
30158 3691
55289 57556
23459 2346
65532 51571
40463 39984
457 30579
37098 37413
40073 44192
60238 43043
19432 2530
60823 661
63634 59990
12783 20018
29119 40577
10480 894
19652 60754
24146 13602
17357 30985
21133 63333
61926 65246
17258 20244
7666 33919
20449 10462
6818 15469
38673 45196
22163 4866
25981 27459
53194 34508
48844 13764
4112 28564
53643 32193
6776 486
62748 15843
3520 28640
7824 58471
4141 10214
46181 8703
63738 24312
38662 59548
40728 29090
25475 59479
51805 27783
36096 50955
22286 29515
13330 57453
34538 22109
6035 4031
55001 34183
35333 40436
21856 21971
9447 54594
4360 56875
59241 16556
16813 58254
45009 14986
37021 4358
41949 7944
14962 55938
53139 61029
44584 37921
5970 60693
61498 9588
13661 15056
30364 6720
62998 7615
2171 9287
6840 493
50838 49156
25149 46267
38707 62888
53283 57994
2111 46212
16226 29105
31884 37459
61056 12353
35020 37535
8956 34146
58645 23589
41910 62701
19083 3521
51626 41105
53896 42987
5817 40470
16955 10717
60679 28405
30770 43771
60202 48721
33583 42323
22843 60258
57961 24461
24082 13181
8939 45263
51937 61907
202 14148
57286 13964
45558 31579
44700 6683
23829 36350
18709 48831
48773 50940
61235 21448
5355 55851
23917 15008
40534 19862
3534 26887
6267 48524
55285 3652
24871 61304
53903 18297
61548 10447
60631 46697
54458 54732
31123 40082
48278 36455
27206 42813
36304 47996
1731 13797
57650 38364
46104 27247
22541 54015
7953 6292
6730 38285
4585 56822
48925 23909
17144 20600
17603 38137
48033 36326
60405 42024
7479 28540
59314 7225
5633 39341
9009 4469
58843 61169
52978 29208
55266 29140
29720 16436
54067 23249
60592 6678
48307 30476
35590 7604
60592 6678
47427 32255
9685 28334
46891 13313
39253 52165
36849 3348
7610 21337
27399 44303
9829 37808
26589 65216
57271 60366
50716 14469
59354 58861
28846 47569
43684 64649
53042 64727
3947 50682
52152 52856
45762 41318
57260 30348
51055 42710
4902 54651
62777 35574
33995 42717
40109 2398
400 37899
64856 13033
55583 7608
64258 4306
63285 11173
17186 48044
45206 51581
4780 47169
63248 4843
40038 46533
59487 11995
50062 64642
35350 3960
38424 4516
43200 9030
50371 44289
16274 33730
20624 46873
37689 42327
18453 53945
52011 28313
38672 61862
3392 26242
21091 57546
4552 26347
38840 60092
8526 18388
24827 44563
39244 34834
2626 38480
7658 23653
51444 52964
14041 30165
27726 37461
5457 50195
44261 22261
4954 46120
16601 51525
54752 13432
36283 51272
49176 20789
56928 29561
20734 43996
41748 16156
52037 13919
35650 23539
62267 28709
36243 41656
16274 33730
41119 8549
25985 12407
18353 140
13332 16671
24651 42886
44170 1281
57337 57777
58753 12597
23754 7304
6151 20667
46501 54103
34392 60840
52193 24947
64765 49889
4734 45667
60480 29160
33639 378
59548 23394
41244 47615
62110 56012
64695 11008
60721 40060
65501 57641
35253 50002
24630 59000
54511 35153
20797 36199
62651 52416
51133 24357
47215 53421
49854 51283
29563 47076
19547 28183
59535 38781
40392 54054
23922 36731
35686 28409
64349 33189
31063 60611
40261 31772
7922 9978
20646 40179
27492 3631
64758 44911
46726 34800
30419 8253
46275 51857
64002 58012
11374 22709
25105 25540
11388 31280
22547 55644
49024 43906
60091 40712
24661 27204
19660 36035
26880 702
33780 7689
58207 6079
16198 3469
21900 60787
41465 56230
94 20908
55599 6129
16753 62998
64756 4617
61332 3357
15344 47925
58539 20163
47910 14711
53555 10736
24150 39433
40492 6375
33200 50348
20070 47124
7791 3261
46014 28247
26093 52569
14923 18721
28053 61977
44224 20941
56516 55394
39732 26174
8911 42662
14762 47153
7937 48484
37214 14342
43234 19655
43881 46494
64707 53030
60667 12376
36956 21071
62369 27513
38218 62140
36110 39662
49106 62839
31656 41115
30653 54588
5027 30666
28299 33575
17161 19172
18916 11694
52094 52644
3222 33818
6482 40619
14809 57585
45308 37847
53072 11781
10052 54847
5964 21572
34183 33714
609 5266
42965 56734
48433 53329
45904 39537
1948 12779
11763 11401
29522 26968
40543 58451
14155 26531
52189 12398
15311 61210
36192 38360
45636 65516
35805 50654
16241 8659
36908 2303
17048 20601
31584 45115
58216 5919
23678 13606
14333 47154
56426 28592
53735 30230
1084 10655
49118 42125
39379 20221
49908 31367
32113 32439
3325 43273
63194 38133
39214 15474
51388 53133
28890 27017
44534 64439
22314 53702
8148 631
32338 16765
35821 24814
61829 14303
23728 49747
15859 13426
28942 10901
32275 18184
41411 52702
58465 14481
31797 39599
6650 21295
64573 45485
1931 65191
7763 15760
53108 59776
25008 24955
52616 28854
47167 45408
56742 34112
34211 26295
58658 38252
55447 20087
54400 21794
31387 55341
57113 62111
8659 12064
11488 64085
24873 33897
56261 4829
12796 30134
3032 42096
14050 62470
64024 38045
31336 29085
7535 28821
33807 22052
39291 23967
8271 49541
14819 64245
45669 19547
62850 11005
9821 35478
1426 43950
62441 15496
13133 892
65103 31818
64817 62616
10090 39824
35554 31539
54168 4626
15748 46421
7332 4712
23083 43377
110 27302
54121 27404
8138 52634
1243 43796
21286 28141
15244 8077
5615 42788
22821 14270
51894 8606
49678 65080
45477 50502
54828 6064
48363 15783
51876 62000
60933 56280
42545 32596
49075 50990
37170 44271
21853 7150
30907 60813
64844 8786
5760 32989
31050 15753
7753 8798
13226 21009
13037 10740
6050 19914
16558 39819
34843 2776
11938 21025
30237 8336
12409 43699
28655 13453
31401 56511
23305 16522
47371 332
10484 45784
40038 46533
23854 23458
21753 8726
56939 33271
2804 45809
6227 19973
49046 59710
26506 3777
5253 37726
59672 7864
25621 28423
8226 7781
22531 48550
48657 35100
31957 38415
34381 49342
15489 60642
59771 34687
24437 25266
13818 38193
42709 36336
61422 42605
8394 39273
55591 46460
5953 31804
24144 33030
28442 30774
14076 6981
17676 34920
62778 26518
51340 14880
3602 9645
41066 39710
49110 1445
49211 23913
17392 4223
7464 5596
62904 37771
780 34074
37315 60410
45413 24572
11344 49980
57160 59582
44604 46513
36383 10602
60799 59140
44566 46839
30359 4110
42816 14887
27138 53374
57697 20197
57766 57938
58613 18614
52286 21562
5876 41495
7891 11837
28299 33575
33359 51890
59917 40871
15544 42437
65000 33240
61434 3334
38434 17266
34164 16134
38827 62117
21770 43103
28816 39735
9621 372
40126 13947
11581 23392
15023 39796
5414 8404
47435 38903
27293 34207
29295 5954
2429 55847
31556 62739
44621 40552
23486 55238
64987 37532
52302 28159
3676 8915
26400 7024
62192 6657
65410 62168
56072 41662
39086 663
21190 51763
18090 13984
9749 14656
23544 35076
34733 36550
33473 30245
18281 36030
23172 29416
33568 266
23707 24228
41354 30535
37817 65137
64067 45128
27892 32802
62016 45229
4564 29398
44948 35091
40867 14636
27470 34744
54987 58071
4556 12254
15474 40163
21896 58420
62239 61666
39444 56180
43331 25208
29038 29506
5253 37726
1194 8890
39305 64907
10988 5395
13939 13002
55067 30941
62596 58675
7573 25883
58067 1129
32394 21551
21747 21199
51105 37346
17032 61561
25322 2350
40100 16363
57623 44949
9668 37111
59448 47322
23240 52998
32787 10662
29692 26979
64213 38049
59955 33814
56182 16081
44639 19042
63911 53075
54810 50103
62224 3317
48931 26546
37079 60556
13018 33374
61716 63287
5533 49078
4743 34856
29745 52146
26379 28342
1306 28005
57232 65434
49815 933
32983 7374
58558 33317
61107 10865
29711 36434
41966 63825
57375 589
29920 8674
48263 62131
18338 57806
34498 40522
40004 55859
59309 5668
9003 5509
37198 31005
13745 40303
25592 51078
35392 53535
4405 6902
7263 59933
50656 63557
62034 53853
31585 65227
32828 6458
32517 62963
61006 19762
21520 26162
20605 38375
65232 37785
56610 16669
39675 55582
58296 50992
8244 25959
27790 54718
55163 60887
35883 60447
5161 17716
51837 50923
4363 44658
2667 9980
37736 28698
50241 4249
59533 22200
30821 52474
52107 23464
8375 2392
38524 27912
64822 27034
2929 9507
34013 2289
17045 55155
11428 14211
65082 63495
27084 55383
25616 35585
13193 15312
10871 28223
22355 6218
4455 44812
5576 32856
744 3403
30145 40905
17982 34694
62885 18827
58017 50019
11239 17797
10934 46631
60562 13058
56256 43806
7627 15570
44582 5874
37584 8850
16411 26925
21260 52895
51200 47801
63449 1025
19099 4253
12989 40301
45047 4892
9513 8144
26834 9895
45004 44308
64153 59117
50496 38997
17550 42985
18118 59831
21989 50222
3613 27815
42210 50351
59150 31716
39902 9036
35983 30015
34411 58304
58308 36180
58638 52603
34540 53483
62633 18775
11280 27717
32355 29235
54107 7332
6858 368
9600 10697
29868 63304
64684 24374
9839 5704
59399 50544
13265 44823
25126 37923
31481 60822
34861 54124
26296 61527
47289 43431
50859 40260
62728 3426
8758 33003
55369 59640
45258 13638
48030 53100
10293 9854
61995 62664
10480 894
58830 23501
46679 12339
17002 46396
7739 36602
57109 21568
48155 2402
13870 41128
17232 33967
42593 58162
58882 38541
1388 13907
42552 64445
13822 18223
44629 40658
40528 47389
52545 31756
2067 21064
42070 46436
25989 48719
55391 3896
39426 41751
44111 59725
15352 10164
29404 24163
16346 64
29277 29084
24451 23486
18918 35428
23806 61156
37480 5404
43793 60077
17764 1370
454 18921
17652 59677
42251 64729
45146 9206
37240 5026
25501 18648
46000 61904
8664 6948
52465 54191
58515 37666
61008 27739
1008 26655
52571 12523
45888 27271
22094 26326
54601 4881
45050 50313
33904 18396
15802 58222
9120 16688
53391 19989
54625 16048
26745 9120
43210 8249
27030 40428
42249 36745
25680 53946
34166 60788
54605 50785
10443 13478
16858 45043
40778 3625
26790 5282
27884 21153
13251 22736
26464 51495
8425 36749
41832 12928
60582 48777
3878 59779
12786 33532
5730 1325
3281 431
43604 40168
16429 27657
22647 16290
44260 56246
51306 45029
63060 54926
25604 39881
52620 19755
32032 24557
47438 20014
47436 39652
54636 5790
6180 35885
55835 5627
57806 24209
56095 13283
39037 24948
22829 2549
45465 14459
32808 36077
37005 19046
48634 25112
67 4959
45548 63306
17090 57637
48193 7144
23497 65290
9643 43668
43155 56727
26306 11130
51500 12948
58136 7800
23099 16344
29673 5983
23316 15018
40835 26650
339 62454
3957 19741
64096 26917
41398 27921
20911 6208
11991 7105
11867 41180
50982 61773
37734 54563
33214 3381
41963 58093
50455 12940
50724 28711
53100 53131
3510 60306
6647 5161
29531 5922
4931 53987
11992 39753
53155 20262
47275 26683
14525 46698
40546 21388
8826 21137
30907 60813
43996 18326
12327 5199
61958 53672
53111 11203
9906 49099
31301 32766
36193 5601
52739 43360
9643 43668
20831 47600
12272 2425
37333 24323
9162 18208
55603 36856
1117 35477
8127 17291
12926 33032
29001 47610
30773 8700
30841 20419
38746 49989
47478 18576
813 63053
62075 51145
54835 19832
64557 1211
28557 31357
7518 48207
34677 2651
29099 6187
40283 51445
29376 24848
6751 5727
24992 60153
5310 42483
31320 33179
21126 61545
25626 55632
1569 47557
57585 63062
13610 27808
6036 46715
38030 26320
48528 37513
45781 17757
3861 47232
4146 34540
30251 18898
30240 1938
44012 46608
24104 28192
44787 19160
29056 2062
41206 16385
24229 55108
48625 32407
29004 25162
53787 5799
44329 5996
32203 53330
62382 49871
9776 11460
16868 41507
35169 64325
3128 63904
43669 53080
54833 10886
32904 41191
44871 5494
39928 33118
14496 35401
31484 25669
8498 3498
9476 56990
41336 24256
29304 53296
34714 21659
9261 46312
12619 36398
58590 29718
41531 62844
6368 9286
54476 1797
21353 39991
6967 34180
13713 63852
57702 17449
1468 9784
61977 6332
26208 20076
11913 64218
3069 42508
49686 51774
31817 60175
1843 1113
26361 2521
25800 65284
40672 2290
17123 8642
27180 22940
31904 51748
39660 52563
59362 53338
34481 11160
36613 3735
41812 10771
43060 59895
1463 9264
27594 23213
18260 57016
22548 15120
62279 63730
13134 22325
23137 32486
31638 51152
24607 344
56555 17259
61289 54296
1079 27030
17817 35035
24152 19972
19696 14120
55481 64462
14704 36330
37008 1661
14321 47932
7824 58471
40390 47349
50713 3842
31439 13490
41837 16768
39359 22176
34934 11998
27452 33849
43668 56780
25699 25589
27389 33011
31856 8562
16810 6150
9706 176
9449 21134
51715 9831
20617 60050
28920 46407
32969 26949
17061 56104
31209 7583
36232 43059
53919 47048
9170 4353
44246 16084
43475 63957
57779 34032
15495 22907
46895 25620
49467 30328
1051 26468
40534 19862
19865 8162
23844 7897
59551 911
2217 50312
10469 64104
62589 30905
30473 33948
63102 33312
49710 26691
44090 3168
14765 26673
51980 47802
29607 53539
57537 8266
53546 22104
32400 205
54210 47196
34379 27174
23490 61443
16850 48365
58592 41210
57147 18161
14251 53266
45277 35418
47902 22003
34376 52925
36744 5856
23189 53093
7126 36306
10185 15407
31254 54782
8070 30313
4059 8261
31060 47475
20219 11191
63305 35745
51151 6229
63242 60881
22357 38788
27196 61399
27887 58460
55334 62498
46283 51770
24195 8841
28854 26926
4732 59195
65208 50448
58090 19501
37926 56678
26320 46921
49593 37213
4658 15098
55703 49676
22524 38076
5600 31545
16295 55116
41594 61540
5734 51751
56202 65370
19669 48767
25710 64145
21298 31421
39063 32954
37057 30436
47654 62690
7870 20481
50871 52764
17248 17001
53132 39972
4928 51882
10966 18404
14999 8067
17700 8524
58484 40622
38680 19660
4220 34965
30982 28370
11437 2661
36715 47007
32422 23479
37512 54230
47670 57195
48972 38416
31029 20895
61255 3970
47864 9555
1635 26344
17736 50460
35481 43741
64134 27973
6202 46564
31584 45115
28871 58688
53017 39045
11910 59921
2567 65100
57477 34863
42517 46331
42592 46914
7282 20045
25166 20448
38709 39916
25227 58355
47706 49395
44598 54852
5801 23427
42713 18149
54691 16394
3018 13041
63003 40503
8701 17691
37427 17458
24897 42783
4493 29513
64515 25482
33574 5518
8536 42729
57165 843
43654 39805
15758 6805
57967 4628
32709 64006
25258 11997
51759 39575
1946 15628
2267 11057
60385 18478
19978 17993
52665 32496
29332 6095
63816 63676
36211 30475
5292 17129
19796 9935
13438 44815
3065 54021
14807 64813
53570 57725
17732 50492
63303 13980
18794 58892
44177 24697
55066 2599
60239 9738
18704 49000
11942 43554
44184 6704
46555 39010
11479 31677
25753 16445
35852 30098
31729 51383
16123 18978
2466 41215
65421 56022
10371 25110
32528 50049
15302 42271
1703 2447
15328 34392
19590 39448
53936 28182
54121 27404
8017 3938
10978 42088
17931 65503
57757 7635
31832 35502
34706 9496
5363 65168
7901 10812
8295 28325
1844 61166
50427 51082
28219 32811
5133 40539
59257 39572
47624 34302
39524 23304
23008 57783
26147 56358
24851 50434
43554 37861
56219 47997
9980 27555
29638 1927
1267 36853
42196 49656
7596 4634
5123 38130
43 61191
48620 63594
52222 13146
16120 17148
15087 16957
46312 45460
5955 25636
13402 10016
16845 50899
59915 30110
25615 39381
31476 9862
28011 52384
2659 63474
26912 50886
14819 64245
44473 56076
56739 46778
2865 10938
52999 15299
59801 16174
42463 13640
62828 52682
56405 24132
30179 21403
55353 44576
38470 3790
23853 32521
16671 62851
61667 53562
8656 3282
4628 7385
37207 48934
12097 14619
2596 60737
46289 11726
5806 20873
41614 36568
3329 62325
8417 40590
16762 21342
39498 29043
26416 2482
30706 60777
40361 53249
8861 17566
47254 59216
35766 41103
47148 14737
16366 24305
14210 63205
53084 39632
23033 51480
35247 26499
18940 4548
58464 57174
4634 23788
7206 46501
41683 16088
59299 44627
12739 58543
23699 45619
24553 4013
51397 42264
36142 1415
54498 29617
603 39475
32090 18106
33475 22768
15208 55464
7689 34603
46850 13922
3168 5420
14479 37776
60718 23885
47867 11099
2479 26500
59385 32570
9138 1056
62860 8831
24597 56894
28068 48275
29002 18982
6555 29449
9838 38532
5504 53846
19229 39766
59375 13488
2776 31664
39414 42921
42226 53683
57176 31154
16151 56646
40573 20182
31777 12409
2677 63796
19426 64262
10822 488
12771 11006
321 29368
16231 47461
6163 45294
31483 55339
40377 2349
46230 51058
7093 9533
2356 53113
14323 48651
10874 2692
20188 6511
58182 44421
53582 29374
42059 8376
23364 21744
57462 59575
43629 65306
20268 47716
9844 36547
33607 4788
48974 19920
47502 60974
16796 34690
32868 31862
31110 10353
53032 16079
42020 21652
32818 7402
4829 54577
10998 991
1618 48003
5689 13796
38310 16071
907 31917
51824 64018
48522 11706
7738 18214
12316 54654
49230 63835
29445 22067
55223 61411
13620 13168
24613 1584
55674 22458
19084 11655
38659 59227
9837 8010
60675 4410
29519 38775
39822 61575
22036 31392
21058 49543
21412 44521
65185 11275
25288 3122
31319 4350
52722 29236
46534 6462
31757 61190
3436 39659
51565 64795
26277 22802
8358 20921
55670 63252
18645 45692
51494 9127
38144 199
62494 8484
46005 26207
53931 40964
31132 7194
5907 36988
15053 34164
19387 28595
623 21881
41308 14889
3898 42183
26202 43324
39108 322
19129 62757
37720 28789
27452 33849
44615 33350
48228 35618
62056 27
3279 52255
61736 32968
64593 51989
106 11262
63848 1006
35580 28707
8999 19408
20174 52594
3282 3359
39678 34941
9164 56397
756 65006
38719 62584
62776 20599
55956 43345
37856 64925
43660 9605
30307 5122
27621 43924
12914 59426
50330 38152
865 20751
37693 23915
29072 23283
7258 50152
18222 1856
18219 7101
62029 50960
63118 10486
43398 31853
15609 539
33931 31435
54951 4890
57792 39762
19016 6276
36411 6645
23522 11078
53066 41256
60247 19719
16785 1738
6063 5971
939 16138
28258 40272
23427 12198
12133 50126
5461 42638
43150 34009
17277 52999
9710 264
37343 61519
55986 2247
45106 9692
58124 53619
62284 61692
27019 57852
14027 44022
26072 34567
27456 18168
35942 18096
46267 50946
5512 32920
26599 65448
12313 45240
8301 32074
9532 17871
64502 44332
54385 24808
6724 36414
829 39385
62666 27122
19796 9935
53821 61936
18116 51533
37802 17730
25940 23891
45550 40699
43436 58141
2054 33465
11405 62371
55922 41174
3511 62511
8766 9336
54439 19642
63207 27573
12674 5421
61100 62369
55489 15078
31695 37591
34514 38917
4300 9636
49445 8822
44742 43762
6487 32096
25667 27893
16727 14379
5772 34143
10207 26349
14159 12338
9262 52407
27069 55424
51381 44995
23920 6671
7579 38921
35617 27480
44552 62189
25868 4201
44570 35743
61372 61759
62119 49726
4342 9377
11543 59259
44751 31342
5927 50442
18765 27175
9333 10726
54581 63918
22083 54149
59635 44215
37856 64925
31245 4950
10479 36366
12704 43726
10464 64114
30366 778
15260 43263
33551 19033
52634 38454
53184 25676
27672 62285
34967 21660
35378 6394
32882 41752
64589 2237
18315 51850
65216 24988
54736 10440
55367 58296
61463 24798
6524 59529
3633 63856
2692 62879
12501 56642
35022 37092
36575 52244
54631 7118
19047 15039
22380 24372
57575 41745
41658 4094
56604 22937
53807 6074
34208 1454
17848 23674
6092 1805
29582 51038
31065 59205
34400 48950
16574 8919
18073 36311
42345 34471
17495 36358
45150 21060
18229 48108
45441 34836
22345 10836
16011 30427
19755 17597
18616 7325
7549 17599
39398 7087
38375 6693
42581 55389
16565 23766
27560 18785
9865 16952
39165 24900
38723 54333
12244 24687
38615 53727
21198 10979
6450 15344
51101 16065
15414 57919
36868 32488
17616 54703
13753 61368
38699 12022
54803 30374
5324 33311
15760 856
3095 50114
21307 2584
19957 48096
9565 23805
54103 38826
61685 15700
60488 14641
54159 63729
61680 14121
31459 8603
61584 37599
45500 10640
62237 26122
43203 60926
20773 37801
11638 58156
48948 55248
11516 58961
42850 35144
38571 48839
21482 52010
48402 24204
53370 28546
20209 42407
50425 29198
50834 4011
35377 47112
50790 3940
26633 1694
49359 37725
40101 26547
12902 33720
56543 28322
55434 36873
60704 21453
29165 45045
20280 40927
14608 60257
41194 25911
45811 31062
61608 24123
27301 33873
20224 9331
44649 59926
47197 20007
34849 41403
39503 38868
10694 42443
31051 46964
3346 24772
45251 30781
4044 53139
29793 26414
27599 22559
58466 12321
53906 30873
20701 38539
13179 34225
18803 65235
27746 47500
62603 22677
14886 31046
42555 10626
3879 15278
16079 60553
47189 5117
54557 49984
7669 15403
47297 32353
43299 63269
56099 57937
33098 55948
43761 24693
50160 25179
24983 20345
35370 53223
17000 13596
26512 4942
3356 12251
29553 29824
60123 12914
60895 60376
13531 5945
332 12222
42151 54377
53456 27414
28872 48983
11511 60289
55642 51497
47738 14568
23157 41643
58742 62535
33807 22052
44555 64239
55110 15223
21144 5953
26137 22547
738 49570
52999 15299
16382 40514
36276 7371
59438 47550
12958 17673
65255 45584
9633 8829
44196 7151
37252 10935
32189 19073
10942 17878
13829 42916
38987 58397
32213 28425
47023 16718
22786 63352
14842 7825
19778 33665
26170 47414
22467 56730
45553 29255
36855 23976
57152 26662
7419 11193
53078 39350
3900 9637
9067 5413
22465 29233
49896 27532
5807 55026
40574 12256
36103 43186
3094 10231
64515 25482
33930 19296
23743 10733
34441 33577
5756 60073
4066 13899
64637 47723
60663 38578
10388 33685
5202 39415
3240 3634
36380 25837
9531 53272
29251 15600
28800 63837
46764 1552
48536 36608
61435 24677
38838 36426
41500 36048
25818 60913
54633 38341
45672 39989
48698 49685
36066 63602
27253 5981
7543 731
23856 24429
19676 44553
14183 14455
50480 22426
4001 49253
20183 44244
12489 16844
43645 33036
8978 54797
6297 45930
54114 55002
7382 36774
34911 49236
54414 10481
30142 599
21074 61633
22209 8346
15169 53959
46174 65271
54052 47268
30568 19617
18803 65235
47061 5380
2430 18464
45508 60685
38300 13471
36401 44213
19744 50612
38006 6313
41636 3063
35804 5086
53339 41377
60362 17446
65278 15337
36155 40987
41979 32228
56199 61265
35602 2195
44055 48693
52349 47598
31614 27904
40775 57721
58317 26125
61895 11396
47939 50832
24642 61908
9896 4429
27831 1368
9320 21752
45675 38718
49826 32469
19241 45394
52319 44840
258 34347
57683 6994
60280 62503
18226 31467
20628 10064
52948 31845
60709 23093
56772 62924
64682 30480
25284 25180
23304 9428
44131 8621
26291 41916
64423 28394
45262 3584
31366 7988
53775 7544
34961 40983
17476 35799
53307 5805
39045 38006
22465 29233
21376 54700
50704 34277
41508 11924
27494 9429
56125 55775
22735 27597
11299 58408
37914 32526
30549 28584
53248 24181
30951 16821
31973 64175
63918 10492
18037 34039
32954 44240
10031 13822
3527 12260
7334 41272
40404 8940
33610 43280
21942 38570
32120 45934
12791 28905
51063 61766
19678 56978
32679 29992
8948 64078
20087 53284
36838 26300
40489 2279
54196 62669
60035 36383
48144 51464
37403 51113
1736 49748
58261 23972
2618 62560
29820 40271
29036 4167
6886 24965
32731 59277
44248 52704
62342 26773
36235 44983
36063 60582
42975 17409
42752 3622
24789 35732
11553 16832
3698 18860
41451 56091
16154 62272
7857 63468
16991 28215
10721 4285
64581 27641
58035 9989
39483 2409
16601 51525
3395 24926
60581 37862
42900 56145
22376 35650
35398 65413
20161 57239
32773 19897
40468 31771
19367 35750
54392 61245
34344 55098
39077 4003
45095 47857
55876 11648
12097 14619
26443 8370
18761 29135
47541 31284
42211 21705
62646 3073
1382 43050
53326 17255
64932 62945
7922 9978
18074 44326
18803 65235
12936 18936
60479 28616
19468 42617
45195 41677
39540 63565
10236 61163
63926 27698
1624 53048
27341 53605
63626 31354
55031 666
1363 27369
4146 34540
44522 40239
65321 61235
40264 54745
42569 16422
56619 6018
16544 19286
35831 17184
16208 48216
15674 44299
55454 63280
480 11303
14384 781
54462 44685
10346 14960
40163 59474
97 19277
42563 22566
3693 28656
61980 50844
64093 28181
47574 29805
50096 64416
28432 28807
28930 32421
39054 9083
32240 19167
6116 58753
26925 5296
476 11612
11435 20426
5319 55318
57138 41367
12922 33876
1116 21873
43466 49553
33889 2293
44457 47512
4885 57407
31216 13452
44031 57681
40696 60550
58889 37815
39548 26425
6393 32757
59822 20915
42718 33522
15991 40657
49715 11229
40437 58236
58004 49054
2745 31512
7358 47642
9872 65502
38723 54333
51322 41928
52664 10021
16562 42242
62281 59583
57729 16168
49456 38073
25143 35063
33942 15621
63200 63818
28037 12199
44682 8461
47135 42496
42222 35720
34329 63401
2539 3649
43255 30175
43639 4856
18020 592
15122 47807
15708 24956
31717 51878
13210 3935
36714 46700
36526 59564
37262 25566
54378 50332
11495 34850
778 11485
61011 14864
57161 58302
62676 32517
18907 9494
63916 51266
39413 63363
13002 43092
16498 4997
23462 39494
52620 19755
64638 45007
37949 36203
31843 643
59489 4838
29893 53410
34057 63493
40401 31884
62232 38349
31627 7629
59277 33216
21227 7562
46191 43412
8957 55211
53901 10993
16187 5847
25108 2223
57065 32651
37485 43242
19382 19117
26922 23408
42333 27470
5252 12215
26898 8554
52553 30525
32196 11796
5155 16191
65256 1846
57913 63117
13280 49758
33099 59680
57177 48059
30855 58720
18480 47987
47252 15633
3658 16352
24320 52588
16332 39337
52599 59968
19773 7253
56053 30651
57923 24115
46398 42877
53356 18167
28977 44116
38168 43773
2020 441
44387 18229
7460 7333
51778 28675
33409 28806
42452 15168
35253 50002
8826 21137
13205 655
2491 10557
33917 38765
42657 34737
6437 5209
42895 58016
15886 19027
9674 1553
24421 1060
28369 12902
38328 47658
34518 20178
8151 53679
32103 7212
13413 32085
63620 62202
48820 29228
3919 36886
51311 16520
64932 62945
18125 50178
60238 43043
2794 9703
4407 54225
26820 18757
46008 8463
58031 7655
57299 65474
22857 22655
42233 44239
50618 45033
45302 45677
52464 55329
16719 50395
8871 4801
29469 27551
61900 61629
2610 53652
61083 28279
43914 41630
34113 19613
51012 7378
29158 22960
38472 46690
50074 9560
53489 52091
42607 3158
15487 15006
13126 33882
16865 52403
48215 11212
35843 35033
20734 43996
17730 16618
52314 34315
25007 47511
35271 50118
9763 24465
45026 42256
36913 56532
49429 24473
2865 10938
5358 4172
64974 25376
17526 4183
62435 33983
18969 4896
48445 49692
7494 26365
4738 13893
21565 10639
41116 14985
4631 4748
23836 49501
5290 36352
38847 28493
16157 41839
4779 1442
61604 43426
19897 55640
12204 17178
2186 41010
18603 28618
25212 59875
3298 16235
37277 37133
45615 62139
62421 9165
36601 53803
62817 871
18322 33652
14598 20438
37024 3676
4790 14865
41326 51473
56654 18295
40905 59699
32726 42251
64673 15289
45339 13624
24699 64024
3691 22175
60568 28327
36523 53763
60630 29893
44513 37304
22507 52119
2014 6356
34505 14664
32315 30606
36543 12857
49681 7267
5579 13879
41074 39686
4907 29983
38655 30708
21165 28153
27694 22585
35942 18096
57645 6069
12680 32323
21595 18906
24671 28201
53780 5287
20151 44066
60494 57684
58831 42161
5142 39634
59943 7053
10031 13822
27955 59229
8866 38833
1844 61166
18574 46298
6689 56739
38456 55839
9995 62618
43726 31006
35918 11967
54726 16323
26624 17334
13526 54729
21143 52385
50860 14062
36460 25277
14526 36903
27013 45644
56378 15024
47296 43774
56323 58122
43419 23329
14665 59979
3513 13810
40233 51643
38062 52633
42957 1330
24270 18217
28977 44116
42747 51403
1248 49537
20956 47514
50068 17974
38667 19161
63411 11739
29207 43562
49520 62747
56625 60706
4762 20598
64788 61927
62869 15945
43621 1217
38706 44971
45071 55661
28244 12411
24952 3540
63923 27106
25551 26110
44071 5500
3348 64327
50063 51573
32351 40306
32622 51521
60555 56935
55874 46326
49215 64004
26778 6778
63115 20512
13916 59021
50296 55923
49873 31916
39042 8815
889 28213
18330 3195
28787 61536
64992 37426
7179 26563
34666 45615
19605 1959
1890 1649
6009 16962
12886 36025
29402 24252
3079 62941
16429 27657
19847 55369
29611 44514
9967 44785
21765 51330
55981 17880
62979 17851
29068 55326
8941 29348
59439 2439
12003 4744
1270 56805
23478 9804
38148 7807
57196 17835
50631 1209
48330 32892
55328 63378
28608 52742
41108 22843
6267 48524
44771 23487
38587 1951
24379 59667
4436 5880
8632 53432
15070 60719
34046 4574
65231 4262
31179 54845
29076 32269
13543 52161
17937 35771
38102 6403
17660 19124
18234 46348
11834 28011
63565 6839
40231 44272
37114 42630
21789 50262
24593 13469
37031 17190
49322 9254
13033 17396
51508 31653
58694 14177
42331 16264
33061 63980
22045 29046
59238 43961
52442 16813
17769 35277
19056 50688
25838 5785
28886 14097
10114 43467
2073 53175
47907 56679
17930 42406
17287 54196
15659 27493
48194 45311
58116 7847
46912 21103
38313 32147
65355 26015
56858 23455
2317 31268
24925 57333
24460 56245
56976 51164
64771 17033
59566 52408
8300 56006
55454 63280
33685 16
53440 43694
43327 15365
990 13574
52998 61038
34360 19143
34930 57367
14156 33486
19520 40633
5280 35804
33345 31948
11243 31105
29231 47099
26248 64669
24712 34735
10414 3662
63996 27553
17844 23802
5957 31973
40603 23910
18123 40911
19723 59364
21207 64007
16396 48486
25277 34589
61691 20745
57566 32507
21182 12262
48600 17153
41897 57075
19038 13506
444 10142
43192 61358
55908 32612
41950 32232
16443 51597
39750 15911
52844 63842
57093 63473
12590 63214
5273 18615
23067 30744
61312 64951
47624 34302
62495 53752
36348 6001
38078 8867
469 63550
28183 35058
8554 39167
22517 33106
61057 60512
62355 32437
45968 12465
1578 34123
21122 64654
51621 16425
56892 5756
40303 29651
4717 45051
15842 49628
53683 11038
62846 19188
4731 15467
51234 57434
23916 52333
11138 16509
61368 51518
35962 45590
13915 61389
8900 20651
2705 64993
696 62541
27511 33436
16682 15452
33033 32555
47472 15944
47874 5270
55705 5489
43921 16541
43582 48506
4075 12357
2262 2449
4547 54591
14426 1633
37966 22377
51578 47787
22384 57572
29737 44458
23186 24691
23512 64800
18857 60120
27428 13072
27956 62263
3244 51475
22204 60899
21613 15130
20640 32934
19721 32653
8118 17750
34401 14486
3196 39372
7669 15403
9569 29862
36004 24484
12138 4027
42959 61022
18299 49446
32023 44921
19474 58006
11240 58877
12528 47634
62111 42688
5884 57689
13286 31068
45551 20032
34369 34679
10610 9513
58261 23972
39470 20615
9355 2099
58401 34686
57450 53881
26669 46621
8070 30313
30290 37749
47554 21316
55114 3720
30729 19797
44642 566
56961 49694
52230 61799
59130 54663
12413 49390
35701 56132
15312 23294
61508 32500
28639 52914
7407 60555
20574 34582
27363 49659
41164 8425
22483 4767
56465 37585
18101 6468
46087 53715
3553 12671
49280 53008
52719 12141
28547 59286
45750 18497
5547 55444
45230 21588
8858 14740
32468 55577
6912 45321
26983 5168
38135 47627
52034 45059
22108 6515
55509 39166
56977 11186
28031 9133
52136 22185
64365 44106
12783 20018
34857 55466
12606 40944
27939 17047
19462 20931
46040 30212
445 47039
26438 39474
54813 4922
48281 65335
6144 11065
23941 44644
33229 58308
46775 8520
60038 40751
27557 54370
22375 24737
41026 11114
49778 31017
60048 24675
37097 34869
15214 18328
56034 5173
49783 3989
51651 28369
35189 61703
22521 13892
1 39038
61848 63407
53310 20650
15873 49763
17309 20749
2249 42931
20548 11533
15889 616
9493 63479
38773 12998
39846 27086
23440 47931
17809 16461
10824 56974
64109 27418
40438 45571
33623 808
11029 7613
32904 41191
23979 44659
35512 37978
54637 5278
3345 23399
4642 8282
28331 34463
33001 1849
49084 52574
64428 24811
61018 35333
46855 14614
44034 54978
48594 54924
35540 42130
48962 28678
27875 1250
11016 29421
12631 48394
37872 60337
36083 47900
47781 37013
53621 14860
34918 28791
29765 4526
12026 18708
13962 63025
43996 18326
32978 44227
38460 41932
46538 30000
45052 37993
45501 45689
56859 16455
25921 52791
57412 21852
7753 8798
12221 3899
40847 26554
41095 52782
61487 45372
47889 34910
37958 59208
33821 35761
40461 5910
59066 63981
54616 41597
17617 6359
62505 21713
22665 17568
19325 37232
22879 7268
51439 1042
8236 46796
4156 35642
25412 36694
15157 21863
40149 38863
2688 65386
50995 46752
58368 4456
6463 63404
35736 58240
35492 39195
60348 56293
62692 42570
51735 14111
23328 48595
61837 23773
55485 57023
22889 26812
24224 55864
16544 19286
44654 13772
16140 1903
14544 2637
36829 38299
43736 21639
16928 11410
37605 3052
41467 5447
38150 52960
53017 39045
12024 15167
1232 49431
27057 1003
34197 42659
5465 14017
65173 12231
31261 10248
31093 22179
435 48126
41184 56383
50803 6307
34877 16892
27047 4657
45175 42438
30236 42358
35206 30179
5443 26457
19108 65165
4737 64950
17057 58283
48649 7930
17157 15703
19278 1301
3250 25421
10590 50622
44215 56517
23807 9355
8519 54824
28530 16489
37029 5709
149 39266
50135 31812
38527 35243
4083 7968
11285 28615
26640 29254
43446 60587
46025 13636
63095 52716
52946 10796
41841 2799
19353 48622
24769 65297
62634 24575
60963 40078
51666 57934
830 9644
1864 50744
48947 58699
49982 61837
63072 22374
6215 62092
28299 33575
56272 27165
50611 42233
10330 38778
23502 55630
20233 20430
14411 46967
34013 2289
24427 48588
35422 7523
18605 30373
57694 46319
36107 10035
49999 82
44784 43735
32740 59427
3534 26887
57741 36120
40803 25320
55506 10344
43159 47618
18277 34956
40028 30948
10096 12871
9340 6322
35009 46791
63203 18492
12121 25094
61237 1564
17277 52999
38323 3319
29899 58685
39397 2847
351 27704
20508 17973
57714 29479
29032 45041
59446 57896
57227 29008
32759 34088
4292 22728
35415 49127
54094 17664
8705 7065
23340 22136
50805 35575
4559 35914
42536 9410
52890 50021
18851 2024
59568 59520
15795 8823
52124 46042
64670 48940
44141 44874
13060 33017
1500 38088
23245 35619
47920 53
51870 9680
56687 7905
39528 5871
3319 23764
58537 64889
16793 40741
27055 7199
52493 18740
42326 58708
12756 7668
16548 17968
33253 12117
6631 6545
42995 12599
17431 53380
49184 1405
15353 41951
15734 42159
63296 18385
45180 22634
4289 63510
65404 9242
10303 27325
55646 12875
37177 46794
10332 14659
31103 17579
61831 20265
16410 18976
22901 25204
64116 24735
36818 59397
42114 21052
48786 31940
58050 50220
43729 28554
42431 12710
12364 17389
58381 40720
11527 32465
51208 16230
65310 41874
7635 18617
6011 54842
7424 8814
2236 51022
44622 394
14188 2497
10885 484
32195 35660
64863 25640
9557 9709
52465 54191
32849 45944
30886 60578
8111 49640
55471 1011
40058 15603
56058 10230
16473 48055
19718 40886
6308 50735
20399 19738
7192 16703
27131 38209
34889 48629
6582 16092
55925 14189
27549 10287
32347 18733
36161 34273
57115 16459
17332 3010
10742 55995
8414 8271
25907 57621
46420 10774
46811 50597
26844 24909
61519 31018
11289 59410
50684 9863
43330 14758
52001 42622
63378 60198
31009 49273
36796 32713
493 32579
53443 26136
58436 23886
2507 64322
51852 10745
27418 25495
46486 6561
5802 44376
47581 55288
14563 27282
5860 55079
27902 38712
27397 7783
8744 51302
33353 29362
27055 7199
58045 44261
57754 27451
31273 22462
31328 35101
25871 43764
16861 57180
25868 4201
16203 5933
29312 24445
29670 50983
20501 35739
55880 35707
38378 1836
58893 50234
1644 15954
60184 18728
877 28122
61948 9168
10828 54643
63700 61063
49232 23732
17762 36001
27132 6210
63514 2899
11894 6798
29855 30558
36409 6587
12392 56643
44085 46896
50273 62814
27509 16909
34800 22433
5565 44933
33031 63541
62614 5499
33181 53418
31426 1480
28154 51868
24148 1886
12908 61478
57771 4806
45144 21930
24877 32623
58563 61808
13487 20250
31909 49400
49552 8943
44204 47840
57403 64397
14275 48544
60331 16931
9726 12383
4323 14866
63318 50403
1039 48102
936 15876
27121 52153
23670 31639
25979 60952
46391 49212
43787 2190
32771 26078
42107 53192
33962 13346
1789 53713
33503 13597
27676 56778
23357 8616
34276 12204
31090 17869
560 45429
43291 63348
37965 9673
45679 22510
5448 17126
13719 43365
62600 41946
56295 5608
51215 727
36027 17183
40397 39358
9501 50078
5667 29130
58915 5714
3646 50841
43057 37924
65034 10596
23029 63364
55011 21249
54174 24335
28934 22667
12190 62154
45837 58284
32068 40054
8653 57389
44186 49866
36385 48268
8162 174
14155 26531
19697 3780
55266 29140
35473 32328
59629 56356
58928 883
41139 58894
50231 17764
52643 24588
7101 61899
64827 39772
5684 2200
59120 55837
51351 16006
19026 51220
45349 10842
10190 811
48953 69
50618 45033
59296 32749
56424 35264
49524 52836
36872 58177
51793 20608
13582 44745
49582 27038
55048 18375
37048 36652
12336 54092
34574 51826
23692 56421
63275 15538
46628 2678
40210 54610
37797 16585
60027 14535
48773 50940
62398 26661
54383 38521
17430 56866
9471 41137
41184 56383
302 8788
21616 32618
48360 12719
57983 48574
54271 40901
43584 522
14991 26206
57329 63409
61006 19762
47563 12090
34816 49362
47602 37697
29826 4897
33315 9266
26363 18685
38553 18691
46306 53630
4442 28510
6688 39187
60209 36587
65241 64037
34050 33750
15885 21083
34847 46888
34232 41197
25074 23291
61649 62144
63069 18113
37941 28378
43324 16985
33751 20762
16718 54288
4405 6902
1027 4346
32648 17394
61748 50711
29912 57652
28844 22591
28505 37021
22576 63933
3976 39234
39021 26863
60772 4729
19946 10725
13053 49729
61229 15294
25688 11003
36072 50998
59823 42590
33752 16772
30619 18946
19787 29728
61298 38449
61025 39948
46801 30798
21371 26149
2879 29887
57484 63611
11264 63066
17949 1312
5805 51016
54455 48355
58855 42250
62707 45603
64530 49420
64667 15916
57663 30767
23001 13014
42517 46331
13023 14104
16253 28681
41300 36906
48197 43591
41414 26384
16805 22555
15308 55619
55258 61822
32929 48903
58401 34686
57232 65434
43863 25202
30197 25416
51940 60287
13221 42812
340 25650
14092 5549
47374 61249
23567 63520
30123 5329
34734 33594
51468 25450
19704 7630
20180 24467
52097 17856
59403 10338
29111 56466
63206 6141
40387 39904
19840 7231
52434 12910
64228 58529
50572 53197
40484 48217
61554 18444
8974 23007
13240 5411
41681 29904
9874 20446
16794 14427
4579 50779
14231 36610
23339 64712
37667 20123
5750 14856
45502 26685
46949 7182
49845 7203
45419 37887
15100 39743
56216 4836
39273 40333
33858 34683
12972 16355
30982 28370
24145 15250
63919 44632
48820 29228
63021 49086
53877 23857
36722 57962
49446 59802
57530 18668
62523 9231
14950 7519
18955 53355
60915 34106
20181 43459
28697 19820
51426 36012
30032 37969
63867 2747
64130 36627
55444 36581
29292 37545
4205 25836
33230 1807
10697 50550
3534 26887
61643 24179
20954 38151
45922 62834
64261 51037
7890 57425
47504 54159
58987 46266
61942 20185
1019 11430
16637 59014
58982 38669
16378 9354
42228 32775
49364 17110
30021 27721
17139 27767
44216 55883
56086 9846
28921 5215
28460 52349
15686 35673
53027 60170
51679 6553
55919 17108
31887 26202
39397 2847
18455 48253
56686 16923
29936 4492
55361 65471
57495 20595
14948 61201
41156 18400
34825 41248
24822 8547
65087 57397
33407 14871
49768 649
5796 7908
52091 55239
46460 49949
46195 9629
57217 33698
4795 2657
37849 46402
22397 48247
61392 47002
50297 63275
30308 34704
11304 10323
18343 46934
53625 5000
21915 17023
17422 34703
33328 34637
4397 44042
20444 18835
15940 40451
42319 38549
7807 63172
46290 36515
50326 30729
3563 36546
6288 51098
63979 26253
45253 3928
22231 13888
691 7303
20422 62943
38181 28204
40082 38630
64673 15289
33386 53802
27638 11366
54094 17664
21809 15931
39805 54024
27523 40588
39483 2409
25300 26984
3848 14145
13975 17000
22260 32779
21940 18192
46948 19537
7420 20652
53960 56596
31887 26202
39405 57971
31296 37944
48628 48884
49453 31322
29468 51615
46046 14689
15121 46676
65020 65021
25655 64432
21023 5719
47748 1197
11600 58510
13064 20358
35499 16103
61041 58256
33715 21974
34916 5391
8611 5861
17211 10114
7163 42776
442 26360
17401 34434
55550 1275
54765 37636
8939 45263
17421 23575
7357 23835
40171 64927
44711 56127
5647 48823
4157 38890
34738 27770
33364 25782
34286 44706
33384 60081
46774 7585
45528 28753
35665 3839
42117 41474
54155 44903
312 35118
52282 30305
30541 46351
44996 55254
10120 60649
47256 12598
32382 62013
6697 57115
3837 61950
13502 58334
51557 53722
883 24621
35699 52195
23917 15008
29274 2339
43794 57722
26269 35446
10379 15624
41550 29834
31657 42053
62823 20605
55328 63378
5395 49832
37663 45244
41747 32355
57926 26452
61459 42387
62567 26720
43714 61475
11409 30709
4291 28603
9851 44465
34942 48618
55631 30813
46626 43971
6082 7446
65038 22297
38775 28749
44877 45896
14534 48552
54624 38643
55516 65116
58415 37123
33432 34270
12497 46274
54211 16781
17934 17631
9414 5422
26365 53475
36298 47312
21232 16782
12905 58190
39362 50379
45197 61145
14341 20889
1637 43188
32370 4487
23839 41986
51426 36012
59056 62949
1076 31189
39438 25762
41653 59899
43057 37924
17628 46020
53795 7338
59268 25016
22003 33052
13242 46336
59934 46993
2471 39302
27778 30959
10219 9993
63063 51592
1883 23876
18115 52734
8434 31731
31286 54772
8595 16652
56124 61154
11376 39498
14491 46822
16990 45678
33705 39626
26303 54035
39649 47
3463 31785
62970 38728
45795 58102
52479 47951
43909 43313
62915 5757
53535 6523
27688 22725
47272 25398
36709 57673
21970 14011
49233 35439
49185 42721
41536 32586
22196 43197
7557 21867
53747 31783
52732 11353
35580 28707
16396 48486
60087 1853
30491 30382
28592 22867
14789 50689
20160 29849
21636 8801
51518 5555
28364 35097
10059 15209
3233 8280
43912 21229
18200 2602
62742 43135
6860 9337
9802 63669
29371 55179
28854 26926
6023 47248
11416 10229
62772 5288
346 49241
44353 64191
61637 12580
52127 2564
58164 18593
21404 37551
16300 53435
39632 3092
34514 38917
10742 55995
41073 19227
64976 10043
26248 64669
24965 49582
55307 19936
43128 37575
39186 12990
56696 47700
45779 43007
25413 12837
37793 63830
62797 59199
4332 43785
36562 44081
62409 32294
49656 62890
56049 545
41790 60351
30195 49970
20239 33401
10654 13694
981 13419
28514 7989
42609 30507
33809 515
21706 20893
49281 16404
47072 1135
36875 60850
30498 31457
10363 32116
41133 39000
48814 10301
54489 5812
42762 24185
16941 10028
23725 41454
30679 20437
40284 42027
58366 9971
39256 30147
59197 44209
43727 26749
1283 5835
26237 25257
50307 35664
39859 29865
18926 44469
53844 4770
4848 23933
33293 61942
16424 23784
23973 61172
23944 2836
7151 37224
61204 2283
6761 30458
64053 13083
48412 40319
15728 6108
15692 46971
31391 60829
33946 55432
3297 58539
942 49935
52266 57773
52699 60104
8061 42095
41661 37233
29480 4434
43229 37879
2845 42298
24778 24386
8597 23223
49766 14945
43433 58140
10188 60848
17257 48304
59198 64131
5170 36139
4234 34303
20253 50672
64265 4139
23677 6692
6912 45321
44830 56774
8174 28994
11009 39656
19073 51595
23028 54846
17347 31762
8663 27443
4383 56867
2559 62437
822 56274
23276 21516
40646 6207
7847 34857
23251 16178
42051 17786
56494 50025
61700 59514
41246 22976
25863 49201
58865 853
65323 63606
30047 61088
32752 25888
10481 15574
46631 25007
23419 61738
60835 20978
36991 43844
51151 6229
19291 63004
19952 50952
54104 6068
29195 7639
57617 59372
4399 50736
4365 5635
64216 59760
30662 61979
62311 15696
4671 26954
27494 9429
23189 53093
36684 42527
49162 23942
28122 34978
53952 27420
53423 15497
1390 41133
41967 16960
8275 19687
17399 16120
20116 21407
37167 53143
12329 30410
12503 6963
31289 30011
55627 48817
53565 11607
59998 48640
47447 52172
2457 56485
27684 45870
4257 13210
9644 4121
10663 8081
52077 61867
15060 6616
50818 57670
29276 51612
44928 47909
43885 16807
12442 24382
23331 13669
24970 40802
26084 7860
20241 11195
40421 21209
9174 38713
35081 17444
23932 54994
10355 27942
45285 23717
14183 14455
3019 62610
8217 42366
43156 54369
13256 5519
2393 37131
48104 60580
17164 28719
14852 36281
33701 54973
25843 24570
45968 12465
33933 40592
20025 22842
4164 24489
14728 18421
23508 12104
51116 22593
32976 24471
9444 30026
57629 41820
16080 55340
41140 31111
54727 57028
23886 11774
53706 32382
53360 28188
18253 34138
1787 23403
17453 8305
60390 17236
61193 35999
22641 19381
24060 52522
56186 25231
19986 54233
61698 58747
12876 53116
34534 19047
39906 32910
13480 55305
19916 51100
48096 40055
48623 31147
37947 46467
18509 56575
27635 21727
18001 58498
136 43457
12189 63057
5730 1325
43946 18422
28748 25843
53467 46603
31299 29432
14224 50070
64017 23151
59350 31608
17312 48553
32015 41998
8204 19123
5320 54022
64095 62395
48042 24005
38805 64806
53110 1594
5279 13294
18469 24476
23493 42925
10183 59828
47931 57259
40668 5915
11381 39620
19373 39235
33650 22912
48657 35100
29631 10002
31907 13450
52278 2245
11545 54500
35731 8397
55489 15078
20497 39728
3350 22336
51394 37217
309 39156
18726 16647
15261 11724
29751 4565
51826 28150
22981 12007
48102 39111
26748 55977
9521 34918
30263 53508
53981 64672
16610 56554
8951 33812
36334 38333
50547 7667
10079 1059
50161 58794
36985 48467
23036 9725
60447 984
21384 3041
4888 6767
59379 19597
54458 54732
41516 45008
55544 59682
16509 50406
44424 11908
5819 34134
24088 19822
396 31687
58818 771
19429 55636
3840 49082
65389 43546
3880 62039
46485 48958
1247 60696
65302 10068
44628 35778
63987 50473
22457 51809
33989 46043
30554 27062
33158 46943
28933 21334
45881 56533
48279 12931
38259 9879
28935 4998
31925 1625
26380 28582
8207 32047
18039 18488
48416 37345
61084 35224
32540 40252
46570 48175
4437 62459
52643 24588
51426 36012
9821 35478
18448 45206
8710 4292
42890 13668
34149 56479
51667 51489
35833 24056
61900 61629
56602 39839
41457 25122
6918 34759
19096 7617
33231 4528
46926 41671
52112 51484
58321 9339
31134 58
45884 38730
8849 59395
62528 2100
19991 54034
4285 22972
64361 17743
10309 312
14714 35665
36919 44264
11060 56431
63105 16536
879 64338
43447 58019
5273 18615
41706 27200
40738 33570
54911 17492
65384 798
34 51988
52666 28492
44752 54185
54250 26290
1771 27053
5621 9913
57752 55675
53018 47759
53591 4178
7886 22160
35124 12331
9321 8390
38092 49140
48287 28295
7903 12061
36117 43649
53774 24985
18569 14290
39059 61787
29274 2339
35905 46947
11561 39888
23558 56304
21421 41465
15097 35061
7303 46277
26819 56234
29227 47905
62109 52080
3579 10336
1164 25237
7717 48236
1632 36580
57033 47808
2324 27679
24805 7501
62697 49777
35774 53472
12595 24411
47114 46006
16699 122
32035 52285
62745 46435
29642 58809
20767 6225
54811 29906
31730 5368
20205 22803
46780 10062
18271 42818
8836 8273
61111 44037
13108 48186
44921 33875
3848 14145
48388 32430
22135 64253
19201 47585
39624 54963
32112 21362
10425 57944
65161 9097
20697 58152
45948 11929
1769 50445
13161 40413
37313 48895
56352 63461
29965 29455
38152 46845
13209 22759
3844 25265
54744 35038
22677 6813
24981 2015
18569 14290
39261 5302
17263 9162
52949 51077
62603 22677
1784 21070
37781 11221
6556 29727
60880 45215
30892 39926
2695 31508
40956 14501
49439 64056
4584 41457
22669 21955
61551 41891
35693 15354
5193 12120
65274 2925
46278 5902
56933 7106
51146 42288
32796 55711
19962 52218
62618 49808
617 5452
37076 43283
25624 62365
5700 44466
19500 31768
20291 54776
8486 7000
31923 61537
56790 31152
8689 28627
8825 11491
2187 14670
26866 40011
41567 24633
24267 42963
17404 33059
61500 36040
37585 19675
42294 58356
60714 21013
42423 52523
50998 13427
32433 39980
9555 19098
25016 3544
60473 33094
18523 796
11557 11734
44256 20769
45715 43343
24403 3054
42020 21652
19998 39360
54522 51034
42151 54377
30655 54372
35190 57465
20730 21298
36804 12612
10600 50325
25970 61646
42235 9403
24351 14109
46771 15239
53329 22961
41782 24199
4178 15658
39377 19353
24877 32623
56941 32252
55327 2546
53921 10461
12785 62593
44190 51108
62233 8706
63943 49911
34863 24640
5726 41406
47443 43260
23288 3178
11633 37436
16719 50395
6403 61051
14284 5035
0 37496
9437 43494
5005 60977
58086 11012
61300 21645
54684 6814
39993 41835
20782 39060
10844 7978
6103 55324
64588 1356
48310 42802
51788 9943
47526 55303
16314 552
35339 28916
6065 7235
41314 52151
63730 42339
48404 65356
11339 60437
13724 20254
53336 43442
46024 61593
25337 39525
46770 35715
29827 22001
20874 44711
39488 40195
32869 19568
21844 36209
23515 61986
22839 12635
21449 26001
40042 38508
63996 27553
38371 49403
15159 46154
27689 47533
18087 58440
27132 6210
39380 64158
7586 30911
2041 6751
56265 38181
39489 25059
25015 38015
1499 37779
4016 42254
45910 20826
43045 16280
21794 40194
4479 30471
64908 29735
43033 31578
9065 57025
45461 13898
43102 48090
20664 43181
63641 58719
44892 24757
15474 40163
63083 12676
31130 13011
48272 565
17093 59315
30774 34212
5313 61933
36960 8712
30857 43678
13893 34807
32609 33495
10881 16616
46176 25123
