44912 54165
36241 5851
29222 52001
25869 51305
64478 52839
48543 34977
2543 39149
58029 45951
7770 36293
41415 28754
21522 40671
50161 58794
52471 12460
38815 12539
40270 39180
58712 35706
15433 1233
33983 61417
2342 42817
52190 20730
8745 4058
43952 1747
45346 15484
63865 31218
39581 46074
9463 47330
46171 23956
57475 11623
21044 55575
21279 7508
47619 37694
61511 49280
35277 50237
23270 27005
11369 33396
27136 24852
8080 47734
59246 12329
65392 41759
9462 60459
14904 29749
13799 56662
20623 40031
27125 20056
23939 9805
13230 53425
4749 45899
18142 36134
37329 19549
37100 10293
4731 15467
21921 11115
14037 33376
8994 50315
47425 60392
57313 39808
19244 13701
7572 29443
27529 59114
64387 40759
15131 28034
61896 10951
38394 62646
21307 2584
38943 12600
3742 23145
34046 4574
32161 34740
58802 3177
9364 47628
1676 52043
56186 25231
43955 58731
8225 60985
56230 11741
16108 53219
48072 62361
19041 26923
17178 4370
11270 31773
33405 14902
10767 6623
2186 41010
3688 23442
59751 28940
32092 757
61008 27739
45380 45612
47092 52775
36193 5601
22802 52873
35202 31015
49707 26059
57964 53073
65375 9269
43614 1402
30104 45981
28023 14356
41071 58178
51083 8379
49979 39738
7863 55580
1491 42272
47649 65507
5521 38086
47303 49923
28968 44125
4416 38320
58352 65059
43030 11137
9011 24235
41670 31394
30107 58484
59736 48626
64914 63013
26698 57480
4242 35510
13804 53741
7401 45589
30474 61974
38754 56477
15053 34164
36567 52364
31377 956
26517 40988
15979 54571
2084 13852
47444 21375
34092 18787
11340 59963
13671 33368
4167 55900
47086 47556
61549 27712
46087 53715
14866 5396
6518 63251
44018 18117
9162 18208
34862 50720
4239 38430
10995 20416
31210 3551
12537 41193
50351 27806
59669 23224
10671 49650
44541 42842
48762 52666
19032 4072
54912 23547
54502 13037
25417 43277
34068 1295
41077 20112
64850 22955
17394 35647
11495 34850
12624 31956
50145 60126
11141 62090
59943 7053
34600 48348
1097 20827
64393 16975
13431 49793
31229 16203
44603 1481
1510 42010
63296 18385
43704 57342
11158 58848
47985 9766
18312 2849
13017 58692
32094 18625
47509 35390
53141 53288
56624 52459
28205 14644
729 35990
2229 32941
52440 11983
12561 3623
29194 3814
43121 12517
60613 31668
14599 10711
60110 24981
12004 39479
63058 16538
30572 36792
30885 21318
11023 17452
6283 45388
18135 19639
53316 63764
28929 11968
44233 45669
32858 34084
31507 60986
35975 50134
17601 43380
26972 6582
41999 27759
58057 50609
64105 12050
9211 54239
19274 47466
63093 32589
63936 44507
19440 61204
50570 49080
64667 15916
28071 29284
52027 42677
20501 35739
43615 38948
22735 27597
32574 40701
23065 16212
49202 16817
52939 38167
7537 60103
21003 43999
5427 1084
43117 44359
49527 30150
26384 49796
23254 39044
21757 28339
48349 63320
24243 65142
28426 17290
8276 33290
60998 65122
63249 13858
44654 13772
53511 40614
11781 39556
45322 40326
46829 4208
50871 52764
34681 37614
2666 51367
65102 14216
27654 2619
29473 24761
4812 48480
20402 3022
536 64343
23289 21355
21163 7560
22236 64756
34993 55853
26796 19011
44425 42058
51740 15389
12549 8531
30767 60765
19713 38536
46549 5426
13790 35093
36296 51443
621 42234
50857 1390
41041 36571
4608 3707
52065 63086
38387 9021
25667 27893
49869 474
6010 25230
12524 61409
35635 8657
20733 21377
18071 26342
24612 12564
57765 47358
31036 42364
46766 56784
57283 55759
53282 65156
60615 22221
38774 43737
10683 27050
11149 18092
27013 45644
32394 21551
25822 39522
61331 15033
34271 13325
50886 14932
46093 50753
25347 47265
3879 15278
18034 39416
63097 38402
9745 40906
64006 13274
53778 59814
31401 56511
29337 4710
52980 31311
50989 3114
10234 15617
17227 30292
59344 60135
8936 2890
4824 58732
56450 34169
44317 32169
31926 64274
20029 49900
64295 57301
26348 5779
52813 4649
37897 22299
58973 6071
7716 14220
5681 13680
58686 1165
12459 27272
55116 64271
62248 63731
49154 4116
50687 39392
65469 46330
14934 44531
19717 62555
62048 53344
5070 52085
30666 2533
52048 27328
51090 59714
39631 32099
60788 60691
20521 18071
32575 28517
59442 18460
26129 49465
37199 39185
46882 32828
49069 22584
11874 22704
28181 27230
48135 63448
53151 48451
32771 26078
46428 14673
1720 1535
40298 59997
42592 46914
62222 39388
920 35025
53507 16789
15622 60921
10436 46488
30259 17421
14862 40535
20363 13428
30800 22702
58353 42919
25146 64368
1739 2973
44992 11572
24145 15250
14232 60633
50332 49053
56504 59166
56458 40116
4910 63775
24920 49559
52178 19347
16750 13695
16915 786
32881 45986
58407 43418
54796 9219
19812 11285
4734 45667
18690 8806
31029 20895
61439 23157
22728 51718
52292 45090
9140 19766
20562 39694
18495 35107
60555 56935
6917 7610
9098 15885
38896 12396
49096 61594
41383 48794
1064 47707
22231 13888
36128 1111
15727 34620
26216 50023
1360 35410
19288 63248
48728 22266
62276 3175
33178 21282
12771 11006
39504 37464
40371 40635
59999 32378
26922 23408
51082 4939
53329 22961
59041 11936
28016 16921
55054 63648
50714 33263
61799 8994
21994 5192
21357 7242
6371 58613
28973 4723
27784 27809
32895 3572
29293 7244
63074 7990
52152 52856
60662 18216
41798 62141
20407 44429
11709 40883
5581 42426
7649 53473
22020 28843
5622 22676
40318 50546
38264 41037
58667 17044
54534 13592
5253 37726
48870 23851
47032 52329
26334 27620
42583 12993
33248 13696
788 64079
10193 28063
53810 19962
8177 32308
42567 18584
24542 26310
63275 15538
36753 42920
51689 35239
1310 54784
19493 51021
49487 46084
53787 5799
52217 2562
18270 33930
14085 51065
14405 12611
33685 16
25018 3702
50260 41974
9982 14167
50199 12040
43371 15122
46707 43254
6859 28115
29724 36789
44689 4638
41609 31977
15199 32709
12442 24382
38434 17266
48205 54818
29116 55668
61593 61303
32713 64967
50447 39345
32510 7454
48334 55410
22478 30029
61066 58697
14 11427
23024 17484
30578 22383
33338 36540
9769 43269
5361 12240
16563 59154
21027 57717
37281 35716
49842 45807
50427 51082
47520 11087
62232 38349
24212 37483
12744 18153
13565 30018
17175 59108
62728 3426
18103 52705
24668 34127
35417 29053
54075 42402
27726 37461
22351 11966
54915 19716
47587 60995
1082 50033
51299 53450
31815 58911
53186 45900
65020 65021
17921 36589
37281 35716
57736 27099
25721 57405
21314 53322
39568 25521
46046 14689
31896 32914
17467 889
21908 41517
46498 57706
40397 39358
64438 24913
11976 1962
9440 49716
8514 47796
43669 53080
50619 38368
25215 53385
16946 31468
27120 22562
10654 13694
34223 3646
43897 8117
37720 28789
24986 37592
4323 14866
45480 12342
48660 42009
58762 179
37305 46170
31980 64431
51398 50439
10388 33685
50182 6041
45986 24765
29345 38431
17399 16120
38958 64717
10888 3641
29715 31078
39583 50775
32193 2948
61217 33287
61165 8918
64396 27045
1456 28727
39022 52659
44177 24697
44194 31348
6357 13802
46736 36685
37486 49169
54918 8839
34898 61374
9023 23163
34192 64679
23557 29489
28260 1456
37328 2952
21103 45124
61403 33442
11684 51004
32321 9196
15222 8034
37602 52437
49718 38194
40822 43581
65248 62383
17771 15757
54698 21988
3946 47127
25082 39913
28388 37342
53663 20188
44922 28561
38970 11820
7372 6
466 63656
33543 44493
23888 45068
26561 52302
22398 14895
22548 15120
64914 63013
21989 50222
41476 9313
31605 24581
61595 53625
43936 29104
14992 49616
35551 5247
1654 29778
28905 47192
14770 32176
49085 49379
53399 20151
54108 7354
62146 47872
51736 37128
54335 44335
37457 29666
60574 35406
52329 21848
1421 51218
64077 1447
41454 2827
394 64105
12553 32083
20352 48039
30059 17012
24536 54432
56752 37433
18670 51360
61851 63654
57131 34369
52552 8924
10565 62085
12598 45583
44662 6903
3376 10891
61599 46691
30737 48289
55121 48001
30281 29859
4694 9744
54340 1669
58702 26577
30499 12349
18436 33912
57875 51471
59522 19912
4255 62928
10633 62084
47767 32926
10990 25513
43438 47567
35086 41375
25734 60090
36997 63622
64616 25472
41876 35625
2285 57793
12262 13951
64428 24811
18625 16152
7273 46213
10543 50433
53873 63761
28459 49389
52441 3173
15278 40730
29058 32302
40580 33034
46360 3129
29856 52655
2540 1665
3160 24119
1807 2607
64115 49291
36511 26091
50755 60216
32023 44921
41508 11924
12023 47901
51083 8379
64960 26688
59099 60709
3657 4438
2754 29339
17851 8820
47908 30847
17026 57530
28119 13022
44945 62409
6398 20206
38983 60620
54680 31188
49090 42008
58979 5934
42080 29241
8911 42662
54029 24322
46301 8340
33985 21594
27462 9132
42156 54548
30545 48594
15354 48649
22665 17568
65078 16427
25733 39499
27950 62750
51582 16115
6419 30673
61821 51899
50274 33854
27426 63302
2472 16186
65201 15460
8760 63491
16297 19363
28612 18062
57348 13909
20075 25812
38640 63930
54425 42418
25389 5142
39635 10469
64365 44106
57680 58042
61907 49451
10704 10644
58902 10155
5191 43264
59122 3981
42189 30137
36458 10790
37183 11144
4163 20706
62119 49726
53176 52920
13988 2052
58362 12583
33992 41767
5740 45898
55632 3262
39980 18567
22197 24001
51850 38959
36750 1687
36970 44246
55978 14649
59956 31741
37099 59437
12117 50818
23200 54259
3031 22694
34739 46151
60203 28613
54456 60507
15952 37768
22227 46374
7839 12427
49254 61794
3826 22162
18823 34047
59763 47848
52 32077
48024 36622
51010 41612
34796 6349
32136 41892
55534 62194
23387 18314
34227 10877
44730 5276
42536 9410
45428 39326
49032 15608
32125 10884
40149 38863
53725 20496
51590 36939
48432 9407
65486 44232
6739 29082
34067 28612
42250 21345
57834 730
34772 31900
5599 46098
34242 57782
40392 54054
34273 20331
47085 46548
49167 7739
42048 5828
7696 54365
6604 48666
30885 21318
38033 54328
23159 55708
59985 32336
23395 1427
1545 5526
50711 16105
26761 12619
28584 29277
17504 58913
47155 59134
29672 4423
39485 26305
47686 29438
51092 36522
26650 31571
51609 30724
23585 48869
31443 21635
39556 9600
57812 34700
9107 6438
42906 37497
37239 54040
35328 15331
53048 40217
54103 38826
37516 53789
32126 25614
46638 48093
60674 55831
9430 5666
35328 15331
13742 48776
30619 18946
10507 2969
6869 7705
44538 6872
2739 48056
12002 24080
64990 11291
7605 51433
29512 55876
39667 19816
41797 45136
5080 45076
30706 60777
31062 13003
32392 29681
18036 12868
50903 52697
31118 28311
48148 19854
56897 40420
44275 64592
48118 57858
40290 57154
8880 1701
55420 13400
12613 5794
63995 61618
37752 41145
3703 24140
9927 2058
994 59654
30602 14262
21765 51330
6095 44839
289 13295
13144 45817
14037 33376
12835 9544
14419 3915
12960 61141
15665 36198
23877 38648
41415 28754
8452 54393
48245 4343
17817 35035
7027 11027
8506 9841
31388 6174
21892 59344
49428 62268
22786 63352
59078 40365
13447 21024
60075 30823
37893 15145
3451 32119
56095 13283
21278 60712
23942 12992
40311 41805
13973 20580
51838 38663
20164 29585
51685 34447
63422 10133
10781 4467
46658 45062
16120 17148
49414 63963
37788 43232
57642 27196
21638 58733
46971 39056
39585 33408
24478 7873
59905 63860
28042 31150
14831 62069
12988 49946
853 51012
2074 64773
28855 60657
17213 50673
18978 39822
20792 63966
20261 51613
18809 34425
26624 17334
53731 9739
60532 50194
29520 8755
45559 11142
10607 30357
10376 33241
42633 31904
2119 40214
843 9061
4443 4598
11218 49106
7555 57940
40191 24887
21460 59676
35780 14698
39286 18588
291 19310
18253 34138
13968 28587
58173 8257
19505 39025
14975 44530
28445 48148
39169 6986
17973 34959
13521 41359
7163 42776
8475 43378
31605 24581
8550 62026
18700 43543
18682 50471
54233 10079
8051 42628
46396 52066
13374 10907
33625 38618
47773 17430
45849 28092
8368 58313
62460 8538
53164 27266
10594 38538
3272 49762
33577 21992
148 30868
12938 33348
61091 487
58597 48701
32013 49492
20779 35198
24174 53971
42052 58384
659 53696
13966 36010
15729 42434
45602 44204
4876 60574
31840 24509
22625 32161
53068 50926
5906 41605
52528 13107
45812 12783
36725 48870
28751 26651
38952 20421
35115 54747
48233 2233
34756 46741
5981 14038
849 24729
38980 47327
5402 44158
14160 46970
11461 3249
16380 23919
51118 51353
5995 41061
5327 9840
22903 62733
13707 16407
8304 63465
50709 18999
46741 47616
48259 46057
34125 51225
12770 28974
47938 33539
2917 25159
8548 52584
1505 17508
32668 18651
59965 34923
43766 26670
15682 26330
59759 6114
5730 1325
55552 25054
56884 42132
12920 19983
59625 928
45771 64836
46158 65266
21384 3041
52104 42691
51620 41844
47279 43675
24377 19812
44820 42122
17685 45756
8779 53528
4038 6540
19983 25710
46341 54087
4892 29186
6459 59125
21752 55140
7691 56984
48664 24892
44768 19510
43018 9433
45376 27837
52575 26492
15219 49864
31674 41383
59831 53086
26639 16007
19286 33035
27856 24854
47145 35245
20204 18264
65078 16427
64886 53734
26649 27746
35334 10991
63705 289
61796 61623
53287 17536
45746 44083
16838 25999
55649 40828
20358 40936
16576 3550
54163 7226
50688 36794
1589 47543
39370 150
1870 44734
17873 31483
25545 42091
29885 17858
29381 65334
36628 45719
13856 36008
48868 47082
54015 32179
29007 11952
42898 41484
62113 52334
19769 16577
14433 32163
48044 62743
58 2926
45103 6301
30072 54016
38568 55959
33185 296
34953 18771
33731 11384
33687 48411
57866 35367
53081 51599
49518 52520
20634 46897
42656 48970
17315 28958
4785 652
55240 60882
54707 17546
50120 10467
55656 48683
61819 61047
47978 9823
47525 34366
44279 4540
6431 51033
21921 11115
32153 55372
11178 45548
4196 27001
28261 61595
33413 34291
17956 63822
1381 44481
25514 47186
15776 11289
16683 5298
41991 32312
48305 56249
63737 43587
18466 23077
57476 13900
56735 6121
33765 40064
2214 50003
34929 38527
56756 8479
22568 16291
21543 33427
63292 39773
26179 54739
25319 47515
42480 40970
9897 32009
65364 18051
19033 49295
29266 32546
52040 49423
25193 38501
38722 61580
47066 7295
29155 53232
4889 31674
32825 51516
7409 37202
63451 11457
19426 64262
63905 4169
5281 39444
55656 48683
58615 41034
26647 8254
49075 50990
14493 25441
11240 58877
58592 41210
36422 22521
46446 44571
37563 26789
18338 57806
53961 36807
36002 11965
17734 30850
23407 28501
23894 30893
16692 43493
63989 37468
51292 50477
28106 22028
1222 6956
7284 43439
10932 29797
3896 15947
29824 22141
8151 53679
32736 62903
34127 22516
35746 1871
47308 51779
7831 9155
1009 18843
10437 436
28891 46865
34472 15895
22644 21941
28873 39053
55755 55070
15477 81
31144 41111
60078 48032
28923 48064
56304 38920
29873 14883
14589 15425
48028 47693
29118 32397
64006 13274
6527 55939
9461 22332
36242 50710
46168 20633
11199 46938
42324 14080
23652 52248
8647 64362
16501 19413
58015 45774
17637 33341
47471 22999
43288 13504
17125 44428
51025 49531
24269 23585
8339 5786
53066 41256
62694 6140
27709 50060
9720 48402
25503 50539
12720 39071
7671 51345
15744 44661
25621 28423
11201 18146
25808 29234
46582 55604
40915 27429
25845 8692
14490 10617
64490 23429
52139 23460
56450 34169
2823 27036
52351 58348
28002 58455
29571 23023
40553 11537
45099 55771
42119 4668
46959 34548
20105 64938
46766 56784
31024 25205
27997 42021
59163 31720
3633 63856
4242 35510
20606 29923
48294 40774
36363 32249
62366 40485
4940 40040
59995 58516
89 34777
36103 43186
57529 63234
1596 52482
29498 38678
2103 11182
34044 20858
61413 42116
22882 11802
15092 24703
25424 54307
8106 30080
35880 618
4921 38438
53757 28896
31323 20081
13254 55539
61230 4513
24530 30268
36382 30988
63958 57747
30649 36154
13883 20131
50845 47427
60918 42934
1055 43960
53767 52751
65072 13160
64114 53363
38759 28765
47857 31622
6408 45557
35221 41878
42033 41268
37982 13315
58151 49834
33230 1807
1352 21559
33105 5671
26693 30452
52411 38619
38619 42561
39282 9770
11955 3868
17493 15730
5116 38297
53151 48451
26155 5800
8591 10374
27457 10413
24661 27204
57735 2859
50788 56627
5391 53879
50546 30217
51621 16425
47100 22511
30613 65286
7493 37420
58586 29039
42593 58162
23239 2618
10676 41800
65177 37752
5550 25794
26125 4275
34694 57945
33546 52141
8553 26687
24042 52681
2937 18495
3659 50696
27448 34982
39984 40285
19540 43428
64655 2115
15503 38398
41432 23323
13786 61598
47689 12286
4217 15272
28367 11228
59851 32483
54098 56021
34927 4344
16104 29948
36669 61947
10452 26471
32782 19268
1210 739
46805 5633
18858 311
34829 54936
15054 3689
3158 14401
30135 55873
27692 51213
2970 22347
53588 41693
37683 21299
10440 16047
40251 34326
64400 13684
33148 20400
16740 39654
1035 56702
52974 24753
21801 38547
23071 31597
8664 6948
41556 26430
46305 22131
31738 30168
60692 42201
62218 38705
33835 46478
44846 22929
8061 42095
65512 63239
43005 62813
46405 7422
6497 21899
54136 48770
63855 34512
15980 25525
6010 25230
49597 54108
20889 28023
10097 22364
25216 14022
18836 10653
13368 5205
29146 27116
10916 53396
32546 37075
8109 45679
27083 1342
12216 64408
27074 61446
55086 64258
28489 40955
39494 28130
34468 3378
52210 48
19571 29087
41104 34793
49310 50718
17423 27447
40518 58101
65187 18300
11347 26871
19463 52639
42072 26834
22319 15234
52873 10423
46462 5346
21712 10756
60145 18839
8580 12219
17062 60878
15518 38164
30298 36931
10237 53893
46180 55294
29849 42853
60517 39567
13922 58249
31700 35595
41096 40477
21825 15873
49823 42047
61376 57438
65273 30927
31555 58467
32292 29413
53519 30581
46862 56052
12175 26299
62303 25902
64188 64956
26498 31526
5619 26627
44866 46016
24945 65397
21218 37316
44263 42540
2598 16360
60238 43043
44575 30318
15051 40287
59979 15471
61792 24353
41883 20103
1969 44687
30172 63849
15784 60223
3769 7270
15970 46112
38791 58960
41212 42513
8417 40590
57767 21259
11637 51171
41977 35125
49388 3061
48436 51772
3454 15726
25014 20910
64640 4913
40175 12290
26755 47429
16309 38950
24570 49135
10252 9222
62587 26613
41892 15071
51448 943
31464 29083
24865 56004
44773 34864
36861 12786
60406 62551
52257 34115
60611 43729
20028 6492
57607 21653
18705 59504
88 22891
58433 64878
8509 24781
53753 33137
28289 14579
18603 28618
18139 9958
19624 1717
37820 35776
33453 28470
23309 63720
63936 44507
26254 49092
46001 60281
28441 24884
22037 21728
21623 33900
28253 64923
53427 24970
54410 23016
8754 64384
28706 64652
2319 38182
9134 20246
51014 24420
28809 3566
14804 15135
7870 20481
16759 6232
22164 35472
49357 4506
48942 60944
34065 58637
3488 295
37205 58133
63981 28600
25817 59995
10977 1218
63182 11603
55090 62623
44065 26154
23071 31597
59620 3257
58327 46804
16950 29213
15161 46378
28495 8845
5312 43802
61065 12856
32224 23572
32943 60866
22052 47536
59384 14416
3164 22918
48466 12244
7399 22957
44118 63438
51450 41944
35054 3824
33502 62221
58142 36594
46380 27467
61136 40813
7956 21618
62720 35513
11881 21429
48476 36897
61945 31379
46439 15420
36755 33641
58670 22397
37313 48895
44036 56771
41981 53364
38663 34557
51903 25074
29213 44191
29471 41040
64359 21965
47125 48209
39402 13679
27016 14913
29896 59998
56023 1077
56345 27407
17077 29372
21083 48425
27705 29746
26912 50886
32065 28537
50781 42429
48429 19004
16996 25961
17428 30928
51263 59064
2538 60646
903 37455
20894 50092
46893 54657
33336 18987
4222 34973
28219 32811
14873 6975
19899 58032
63692 957
54498 29617
44613 3456
42390 20286
37601 6891
46686 43981
34062 55207
52843 64722
45384 10997
57097 28960
1084 10655
58587 62918
27377 56777
8339 5786
9848 43568
3970 163
44907 16147
59026 37889
24987 5670
46592 49081
65060 65380
38706 44971
54963 18481
14396 6410
61330 48786
40251 34326
22580 16075
51814 23941
24330 5001
36178 38518
23986 20239
34333 26062
22067 54702
32235 6599
36217 10011
14037 33376
51003 9400
42813 15431
56009 3279
22028 21904
53257 46619
23213 17932
59948 4196
9898 38124
49872 6081
42923 2687
55774 23396
17946 57770
64753 23650
46072 9827
64000 39285
10133 65316
43721 63531
10314 3363
40585 15632
17114 33644
45179 42205
17143 55927
51803 61906
20116 21407
52136 22185
46352 28268
60914 53423
40686 13601
54706 23828
65241 64037
38623 17069
43590 26916
20048 60236
2409 30364
2819 46342
14510 60399
6371 58613
13207 48946
621 42234
25496 5402
48576 64476
18925 61902
11170 41006
54407 8163
43556 55487
16793 40741
49846 25918
22464 5567
51811 27011
51528 11919
49382 28203
45316 18759
29576 41026
20905 13904
34496 4522
51768 30431
59580 62512
44144 53589
52210 48
46558 6929
58051 22780
62516 57692
13588 2414
52853 52524
8485 23432
6419 30673
41996 18682
45648 22872
9427 19834
29921 12520
11861 620
39735 4374
52025 18250
11003 54628
44186 49866
64914 63013
10643 42101
36072 50998
27869 24506
6554 50104
19126 28547
42786 20436
33946 55432
62231 39757
7619 53951
7838 13070
5477 45006
9947 42775
15613 46869
58148 48034
17244 46950
16557 30341
61058 60038
53422 60514
24410 37419
1532 51062
47505 56896
50546 30217
57925 65420
36244 42502
40192 10764
53837 37186
61539 57157
57538 62214
34722 65464
33385 61105
15480 5980
63738 24312
50455 12940
64495 5968
7076 3412
8175 64742
4625 21017
39411 42913
7730 33265
18964 64395
24811 23226
5884 57689
53320 47287
59011 53326
41912 60667
7894 14442
53756 26694
52099 8445
22406 35232
16852 45804
45447 30112
14703 26805
17693 554
35869 53835
17549 39453
29451 43223
57746 26232
23122 59353
11452 33008
44067 25357
39395 58023
63882 4916
39081 47817
10361 42726
21798 16200
47447 52172
38687 16099
27409 37135
3276 51692
46101 8255
24562 40966
53134 52063
18122 29733
36353 4985
44838 21021
26464 51495
15749 51872
32115 11913
14855 36746
18785 33307
8427 58946
34685 58040
9799 53429
19533 64087
23478 9804
18313 29267
65409 27512
53781 11255
27736 23630
65044 28567
3470 11684
14971 13610
29642 58809
1652 37061
51862 60824
24266 23794
22865 21090
20403 59573
13552 51393
14131 19793
15364 55811
7877 41109
13494 42277
49601 37271
56716 11690
5865 40409
17791 14407
33736 52134
10927 56109
39364 21319
15091 6965
46720 32046
12436 28434
19330 44727
51605 53445
11945 10876
12741 47839
32205 18751
48807 23482
56166 64198
56487 40617
24530 30268
40220 60064
52075 28037
10413 15537
6615 58601
31903 59239
19092 42861
32161 34740
32665 39703
61028 1289
54973 17590
33579 53530
2592 38245
3498 24105
9905 5819
59518 28607
57891 38828
13607 43178
61851 63654
51002 5469
18288 46682
42831 34804
30557 1745
33979 42286
1431 28324
61492 13152
10749 42956
34796 6349
42334 60950
36623 56601
63556 49647
14197 100
44854 39399
27048 52322
63366 1141
24452 39546
6420 2201
40816 37074
46103 22296
365 65015
19252 25841
25555 18743
32768 63063
27367 4133
17473 44478
29166 23024
34879 18067
22786 63352
25139 59051
48785 51919
44052 5145
6007 53867
58101 63107
36520 56046
41918 42891
41201 43233
63005 57300
2271 47394
15537 45947
30160 8978
31790 65031
2351 8881
38497 19352
29238 10206
38079 33896
38711 33105
47092 52775
23919 4754
1515 62376
54659 19417
14989 16645
46126 22370
38969 34255
62080 40973
5061 49344
3372 63577
6180 35885
11328 3125
26531 51389
38534 33893
19479 46610
26600 28360
41953 37766
32738 17390
26918 39861
17829 60357
48352 3640
132 18256
19603 34057
1585 32442
52202 24264
19969 45927
47243 14320
13847 58517
54685 7070
1928 10921
61612 26585
50306 8374
60319 37956
38530 16573
39048 58326
46193 9670
45487 27292
22432 16866
49456 38073
990 13574
63595 3284
3936 46350
11354 40289
8948 64078
11674 10144
57338 27693
8790 30082
15558 47269
37770 62981
21846 39434
56923 19186
22591 49709
36616 7540
10322 26634
16593 44107
5246 31337
21957 22926
50304 13415
10315 35796
60963 40078
2190 61131
30640 993
40150 53292
17909 7109
37031 17190
19263 11777
63042 33590
6575 45097
58309 14151
23254 39044
22099 7335
15622 60921
27984 56956
43156 54369
46166 18577
35368 14652
33994 790
61841 33659
62772 5288
57023 20870
16768 29366
41992 16004
64274 36618
36687 33510
46475 51629
30123 5329
65148 19602
9609 20366
2295 37312
40883 12301
54377 33136
51722 39699
35017 45853
8296 11587
15593 23005
59187 35531
23221 28659
30115 38560
36855 23976
12811 43742
57366 38720
38044 8014
52944 37486
16880 12815
1207 2172
15528 56124
9617 56579
49521 56084
46058 40479
39137 12252
63056 21577
53151 48451
37590 18179
61280 38702
61925 13999
58299 51816
22134 61770
9011 24235
17219 53293
17570 3423
13027 65528
42153 46047
58701 57228
19723 59364
54897 62947
25428 28684
5354 6411
60613 31668
48947 58699
18305 37071
24625 13462
44695 4659
6559 40341
31464 29083
34972 10499
3372 63577
58275 4607
51521 16457
7030 33038
37345 52447
34689 58759
34357 35503
62824 61671
1766 43105
20780 7038
55572 5151
32376 58160
62624 25342
31253 36660
53206 27222
48615 33564
37624 53638
39532 51706
44641 45591
56574 4015
19129 62757
49011 49087
14039 17414
3003 51469
56715 44468
31422 58548
31887 26202
54871 5713
61134 36599
11182 43821
53247 3364
5827 11178
14830 53656
37598 23154
60225 63582
37635 60333
45334 8968
5302 63983
57895 7340
1565 56461
33552 8722
19242 35165
19850 1522
20950 39905
53631 21336
47673 53499
17896 27868
64952 9448
12502 46658
23554 55816
48294 40774
57753 24874
49907 49799
17406 45063
52243 54770
44668 46772
42664 14257
17840 31538
17030 60356
32987 51476
11093 45450
11860 59196
54791 22933
21630 31174
48182 2613
32449 39615
32100 6705
37227 5672
1644 15954
6055 55362
63973 35973
29079 4878
22704 60398
52873 10423
52222 13146
29869 29645
35582 4244
37445 63628
37893 15145
9160 25340
20107 2242
41855 56670
43939 29109
8000 60047
43326 35586
2005 6951
23289 21355
36588 50971
36779 3614
34801 45534
28255 14204
22191 7232
2114 29093
57478 59879
25848 20743
50282 20586
62531 4850
3297 58539
54078 50585
40171 64927
48498 27503
29141 3164
29893 53410
25487 62782
42662 33101
37624 53638
2484 38330
48748 11486
22460 20673
58897 22587
2440 49660
62779 52680
57476 13900
1714 33926
65084 17831
1717 54258
41180 42464
13012 15376
59824 42274
42631 8827
53270 21797
57577 9273
24266 23794
17884 18246
57857 37798
8069 58299
54756 30820
6969 62553
23390 55434
52679 8246
26980 31430
24086 38408
12584 59011
56693 24921
35575 39752
42715 8750
58781 5022
11156 33113
13905 12954
52289 53321
45399 13670
12840 54278
50227 60989
2744 62530
57928 33514
14275 48544
30837 36934
13497 41803
21542 35995
7942 56287
46755 54325
60487 40843
34691 17490
52810 1369
52954 52325
31028 34718
57743 29271
17514 32738
28780 19426
54348 13402
11635 25599
41516 45008
57043 41897
8961 41577
2468 26243
22407 62308
64225 14800
7271 7877
37183 11144
5892 57838
38323 3319
8621 51013
29848 32834
28320 36566
18931 439
47451 40434
17441 7090
7157 33462
56342 55156
54801 38636
41395 51150
8239 61274
57622 59619
24983 20345
54092 57107
7896 34257
37800 47651
40275 19607
63160 39142
59910 64633
37550 40737
54985 20661
61529 20275
26736 35506
62199 24173
60213 31119
62077 49841
7714 17969
50350 61735
5597 56521
40022 49020
25568 21099
37785 40219
12799 3524
8318 8499
13743 95
16948 13580
1548 13687
52917 553
14654 64754
54922 22106
8819 16937
57580 17513
17938 15350
31973 64175
2075 25137
13821 50450
51658 42507
31743 61970
53864 47054
57538 62214
35663 29031
24580 8704
56367 59160
24010 51068
16762 21342
63340 605
9633 8829
4067 59083
58389 55231
48098 17278
44655 34468
33051 61923
42123 53209
40952 35335
16074 25309
18568 25713
43410 17705
4235 33957
45202 49183
23000 58528
19879 35157
42203 22311
41794 35968
12168 15887
38638 27906
10476 10131
32834 42457
42849 65223
52177 65230
51626 41105
49420 35449
30459 57261
21680 53654
8978 54797
5905 44131
34468 3378
7137 36558
13839 11434
22561 58399
26899 46577
65390 54227
12344 43864
31446 5438
8859 31859
9742 28174
38587 1951
30053 23807
24984 42713
48109 58632
6080 57041
49287 56518
65358 54178
41991 32312
47568 35878
47565 6223
4201 37357
21507 39190
25369 29239
41943 58444
60292 39218
60930 36038
23525 59502
51137 8608
49662 26169
9727 61107
6389 17441
27831 1368
65052 9119
56874 1460
24828 55817
49110 1445
2961 12153
40617 65136
41274 31582
63330 52576
8836 8273
539 13880
39078 53252
19717 62555
47846 12834
18930 39338
62533 13029
19417 38806
20219 11191
27083 1342
13550 18175
37011 53079
57397 18410
38346 2435
3671 23771
33218 55824
16199 41141
54924 56299
9639 52028
63677 29149
31820 15976
46645 4525
48797 20328
17372 30559
5805 51016
952 64402
14959 61033
42136 40686
2250 44583
59879 49485
55050 61460
34800 22433
25630 24658
49787 49441
31353 8120
33868 27683
16915 786
57686 18782
65282 64673
2232 13994
5662 26063
45491 45732
10131 35113
60781 7420
55655 2453
1564 285
4069 60363
37887 36271
53880 56961
10629 21722
41830 51124
5829 34176
34365 61931
17214 30546
54980 6010
1412 21037
54654 9481
34535 56922
27833 6471
47248 47682
18759 7754
55680 27771
23655 25412
40761 54220
48602 37590
28197 779
26711 49505
26059 35423
3678 11001
45598 36482
54071 21578
53027 60170
31440 4077
31118 28311
17727 15709
9827 57766
52342 3564
38616 43623
45277 35418
61875 61707
834 13213
44904 2331
38243 10909
28594 45903
40224 21056
64835 59147
18675 48975
10273 29047
51865 59736
59044 30656
445 47039
26314 42854
65100 13743
43568 31624
41693 16336
61701 40548
32656 63643
25670 10364
21199 43614
45920 52413
3868 2278
36534 11020
55558 26341
9924 28767
8861 17566
59017 61603
19752 19515
38819 108
43915 53130
42925 48280
45540 18357
20396 58531
2991 19725
21133 63333
43257 58536
51381 44995
57498 47891
65168 40088
62071 49825
9998 65488
54169 44941
25528 2261
5385 38347
7425 53719
50933 34546
59131 48860
62409 32294
29508 37080
28285 63554
41279 43355
49246 9613
8056 48773
11028 40726
16038 45289
54205 36170
39252 5109
59008 2745
18383 58604
43198 1936
33061 63980
55963 7997
65317 27640
19169 51995
14999 8067
8367 10968
2932 59523
9825 29469
12615 28856
62615 55665
34861 54124
20084 49928
62287 47672
55358 12017
22337 32440
55930 12765
56040 31515
47502 60974
1973 55028
11568 26961
40280 5558
40575 22260
32696 58164
35574 63113
47475 53912
55966 23610
36300 44497
61793 20503
22191 7232
12576 22129
19067 23824
61870 3831
15536 51284
34286 44706
62155 22469
52781 45786
11407 25979
27643 44353
27076 32981
16046 58994
9537 52930
37821 38376
54478 56258
43774 35092
5623 57395
42283 23574
39175 58770
29604 7552
15167 21715
6869 7705
28709 24409
32447 23473
31000 5732
18193 38362
49807 32149
34331 16150
15327 25497
25751 10260
39425 969
38469 13881
37068 3590
15162 25933
14290 39092
11952 29550
17272 37765
9017 42864
60780 58777
13902 61112
21608 33949
37751 16545
6337 30264
8101 13098
62662 46341
22961 50322
11206 17195
8057 18031
15078 39309
53327 28442
26700 61582
24587 20937
4329 11017
570 1957
25932 61276
33686 6859
32999 60545
61678 1705
49095 49203
15014 28206
63321 49976
20329 9158
8774 41405
5875 27992
35526 33202
12026 18708
31847 20415
49289 33352
63415 38502
60635 46996
10778 62566
59536 19330
48481 23132
26827 13445
13578 20561
208 13336
4086 43446
28516 49108
42083 32956
50475 32
7983 34080
6288 51098
63906 31692
1004 36629
33638 5552
43486 36514
24826 9553
15734 42159
47242 41895
23294 52077
60226 62350
8870 31426
51312 22691
44621 40552
40690 51914
53478 28559
11737 6626
38184 41253
27771 55861
53451 54785
36134 5203
46783 52605
44862 59864
30910 1085
6797 37179
25205 48473
57776 38976
15926 17942
34250 55958
12744 18153
45355 35725
10980 46228
16317 48952
8513 1775
44682 8461
33373 837
7206 46501
30039 5883
55291 58560
19867 18318
63291 8321
16355 25085
1899 21102
46849 61090
35275 29650
2983 25114
65211 38936
57804 1794
47458 37025
2530 45381
21414 36110
58440 55101
10805 983
48950 27654
1799 13844
52053 11699
58351 44006
23906 38212
49016 9539
28752 48865
20647 11335
12266 61566
57936 55548
22539 21414
34788 53340
38716 58199
63450 34763
5792 43566
38466 41166
50117 64373
65216 24988
53522 27558
63092 27176
5242 58610
8878 38841
9528 28003
59235 28785
11416 10229
20072 26073
64801 60596
23383 17051
35721 57466
44811 57876
30970 1206
30097 40920
31400 28827
30482 53482
25404 13176
18043 11299
60185 12078
16048 3866
34724 53576
40559 57913
2949 53094
27127 7691
15424 21058
37635 60333
41622 18958
58113 26564
27529 59114
15789 8380
10008 63395
49758 26975
50570 49080
10394 62852
23522 11078
34486 30239
49633 62428
59663 7607
62462 25823
61120 24976
28639 52914
868 63071
56542 9109
16573 60513
44314 48031
1523 46800
65510 60947
62507 682
51804 12270
13545 5441
3168 5420
17106 20444
25846 10710
6101 34177
16995 25485
24707 37615
30404 47438
17493 15730
5626 33006
21999 30363
49082 41463
39346 38264
43831 50398
52789 540
7483 58750
39844 37834
12262 13951
19566 35634
14179 6237
35305 20311
53340 16466
11313 20344
62212 11361
27968 1947
6009 16962
581 29920
48387 13725
63262 49667
39257 11040
10387 33625
33269 6957
21318 42816
1637 43188
14167 14786
47650 12403
49285 3462
60469 63119
37835 26869
62987 1799
53194 34508
60794 253
5864 7757
29793 26414
33257 29781
1543 3197
40125 60278
13660 61319
33103 3517
1805 48343
27246 59128
20511 12454
25545 42091
32963 11258
37712 58084
37413 636
10334 50878
21443 27742
65382 10791
61797 22062
17635 22408
26816 4911
58173 8257
63142 7735
32328 36849
19318 16491
55376 23879
16175 27213
65373 54988
25620 2959
39804 15699
18279 54545
24370 17434
17275 40334
6373 31997
53170 57498
34660 42300
50374 15362
48332 1457
22193 50253
10001 3587
43005 62813
50851 55299
56022 6091
22722 29259
51669 28969
21379 9538
50071 33614
14196 60565
23781 30192
20696 63534
10189 47142
57561 16122
3530 63197
50288 38034
40858 63875
4582 26496
48296 88
3535 48105
62836 21108
8853 15556
60995 20914
19597 39501
40937 30611
49995 63092
13853 28351
52946 10796
40476 42865
2650 52020
28013 32144
10545 33261
57057 16002
3420 38324
59663 7607
24544 51295
48056 40719
62293 36893
484 18872
8917 27262
42948 59441
64706 4848
17279 48879
17496 28391
45684 50831
29754 24278
19230 38629
15916 3983
59867 58566
35849 11481
40189 55686
40679 44082
46491 14702
30638 51351
19547 28183
19262 55482
55330 39624
8332 43734
25871 43764
3337 34514
62891 10840
61240 58393
33819 57303
18494 35283
13439 49695
46623 27117
18114 29905
19706 12734
4170 17756
15299 29062
63541 52216
30164 19436
34547 50734
61063 36078
43949 38902
18007 15742
26180 43204
51234 57434
21432 49404
42396 27353
13982 22091
52683 8739
56189 34405
49134 60795
55558 26341
7552 6597
6368 9286
3797 27399
11161 5412
30832 9771
53973 23982
55991 56110
38128 44909
37217 36796
22267 47166
11592 53736
4262 15764
15641 49697
24256 43676
4345 62939
43528 57140
62270 64389
9285 53436
21994 5192
46366 55249
23125 54354
32455 48264
45157 24393
58458 61696
20943 55136
54015 32179
14735 14266
13136 50646
34149 56479
5927 50442
18375 25253
51537 45909
37535 50541
13111 50318
9079 19984
9541 14651
834 13213
21228 4426
23843 40034
37816 33146
37660 4797
16827 47399
8224 3450
44004 25680
53427 24970
48691 39998
61040 62877
29768 57844
56214 50479
61648 3539
3652 32084
15212 36204
31750 40407
29837 41978
44228 59267
5185 8306
27053 4833
12532 17104
19583 32223
40886 59295
28514 7989
32086 32850
11967 57117
63161 52311
14843 46917
56951 8790
45513 30731
49921 60432
38289 45524
45892 56611
64387 40759
26926 5755
52425 32107
57283 55759
34242 57782
23127 6139
35127 11448
8523 56706
62917 40696
21503 33867
34510 30271
11825 46165
20651 17640
14862 40535
8528 37961
11919 35340
16298 64577
38861 61089
3949 16887
24573 42523
60566 47897
42898 41484
48623 31147
40689 31412
19114 4891
40690 51914
20420 48493
18881 31089
53726 593
19186 55210
48025 52178
18458 48383
32637 26048
7043 14383
1071 42811
60300 64121
53228 13950
63593 53124
12753 52658
54411 30897
27342 38628
43792 17144
19240 51591
29656 45362
14387 8689
61185 59794
26347 48840
13721 20355
45503 46173
46865 11510
17568 19156
18849 61122
18288 46682
41457 25122
34624 26951
9689 34267
39704 19012
48320 26876
61431 1563
2455 25873
57828 4805
54079 10066
50525 18960
43024 3906
21486 1885
15463 1227
35844 26116
50045 1169
57819 13683
890 37150
29774 6007
23770 59701
24006 56724
41478 33122
5627 32068
65510 60947
49639 35964
64937 25498
17732 50492
56232 41812
50539 64228
18820 15204
851 27886
39095 33002
25793 63715
23338 47982
