14919 29989
61987 50057
22320 54335
16639 60299
48291 19594
62214 58653
25272 862
3086 49060
31970 34418
52116 1595
2716 36765
50647 52108
62371 25182
18241 27178
20172 56982
50146 15587
25264 27791
60262 10578
32394 21551
52265 58100
46919 21215
29848 32834
56464 65002
19076 6480
44422 21700
3327 53112
60757 57947
58950 12556
47544 8511
38603 45500
28864 44311
38510 10278
12528 47634
5573 34446
50651 22420
54595 4921
6552 5013
50673 32387
2189 58033
1472 31486
13759 52664
52052 42408
55809 21179
39757 53278
7766 38279
48835 52292
60537 29097
4454 34307
32189 19073
40981 39054
32403 52279
51704 64441
8391 3338
43864 25729
6073 5175
14946 7981
27345 40826
62695 48139
54653 9777
33663 6712
53745 1317
44496 40797
16567 9708
16782 6639
64337 34403
24888 56723
44908 26312
3241 62765
53677 21142
29114 31915
52648 39114
62781 47430
23366 61525
13888 30451
28545 28687
30038 14775
3637 52130
18672 49373
53672 28673
60565 36535
21316 34998
25510 37010
59878 38511
7018 32874
13112 42040
18598 10370
5074 14123
22636 18752
23881 20834
25595 51735
21175 50162
24283 62405
48359 15647
52181 49512
8764 34151
6508 5254
20668 57066
57507 13936
12539 8633
24933 63230
15303 42922
52973 41493
50181 27593
40690 51914
20294 1477
36176 53189
54422 9660
5807 55026
52440 11983
45297 57887
35325 51697
36855 23976
24311 20795
46361 64013
28252 18568
59358 12328
20718 47580
15249 53480
31072 691
61600 11241
11096 17802
11329 35174
32445 44059
58599 42826
38215 55996
26721 1598
28123 47930
58626 40374
64426 9450
7870 20481
20394 45891
5952 6324
58983 7715
2617 55154
2118 19307
20874 44711
56272 27165
20945 39095
37304 57289
30253 7027
22639 23019
19354 34022
4420 33932
16046 58994
38649 43881
11840 33700
62552 27098
56941 32252
47830 54683
30386 20675
57551 26955
52383 36262
38103 4363
52223 20210
6655 24063
65501 57641
65516 14533
18570 48123
7723 18441
34564 53512
8478 29392
32341 5873
63756 62062
41780 4632
45837 58284
29940 3467
14392 44291
57388 23506
30611 14939
65395 14405
4649 10324
18222 1856
60824 46891
16471 24611
15557 21647
47346 37291
57123 60360
58092 23188
16009 31376
57646 50337
50843 3772
34209 61291
24309 17457
29251 15600
7562 6144
16775 10379
36580 21203
14783 51381
21176 29937
25757 62808
60929 17824
45201 40831
49757 64026
61972 42143
4685 44123
42196 49656
39320 30163
1574 4765
59311 28386
30563 3797
47498 47813
64511 35109
9140 19766
3918 42331
53794 29288
852 64083
61805 27152
3566 10135
9627 41331
47343 27069
17463 29137
38288 16343
58271 5913
62085 51257
41377 50469
41602 14585
61304 54470
26526 41912
50750 17702
46964 61108
18237 31484
30686 38552
57828 4805
13816 22317
14791 37908
21222 38568
29723 17227
25570 28630
61989 25672
12057 1961
56792 48103
25958 52611
63159 2095
61616 3798
35428 59398
59846 52722
54711 56752
13721 20355
19648 26565
27692 51213
48509 49428
51702 10814
18286 34691
6597 54247
21888 1571
33941 54104
60204 20517
55223 61411
1491 42272
16624 58472
30550 45154
62256 12374
25086 16374
37173 27097
54885 2375
56539 33547
50422 51726
12093 63519
8239 61274
367 26676
3449 55942
27457 10413
35299 12287
36732 7016
22602 46806
4526 58602
34426 63127
39694 40794
7482 4726
54393 7736
28185 13647
33595 42917
11952 29550
2936 41741
58840 59324
10816 29973
36127 16578
26254 49092
50584 3509
35406 4462
64355 35494
202 14148
47429 29175
19194 13411
39888 63717
55910 56593
59572 24457
12183 11836
7403 24271
50039 60670
39749 4450
4154 19034
4670 47612
59523 23426
24518 55540
13933 15644
20920 37791
52587 14472
9342 9505
1410 30817
19427 63258
41218 41720
13836 56149
26163 48358
20889 28023
15399 54027
33047 60449
43643 21891
55899 8189
47802 25087
5495 57507
57579 10450
51994 11759
55752 56193
13271 25780
54712 47387
39841 27848
20728 53761
53461 27403
47770 36963
47419 2629
50347 22132
25763 1338
29096 5440
12889 60660
37638 56655
12450 3059
4443 4598
57408 22113
42852 56903
37066 46028
49057 50270
20691 38019
49268 32280
32228 43379
42313 29624
32213 28425
49551 22392
49524 52836
23369 64901
52959 39534
41786 1348
25212 59875
29462 33611
44178 34162
20398 56736
32866 54252
23169 12073
12650 59551
34509 53181
47266 49600
41762 45858
10065 684
27714 46121
1632 36580
20684 55257
36098 1660
21492 36275
18007 15742
1240 43952
37024 3676
28230 11647
18771 63253
44384 43370
15008 41099
61811 52709
6727 2701
65429 25247
44961 9609
13741 24766
60890 6746
27279 12295
32566 54177
2253 50643
26314 42854
30319 6477
6489 36870
34064 3986
7562 6144
8394 39273
901 11879
43794 57722
27818 49890
43316 12399
2521 57768
44481 63713
9930 1508
43386 62305
8685 6728
25849 8534
40872 60055
56294 25218
59166 9955
31104 65399
2543 39149
37147 45559
43744 28642
23565 35559
23573 38112
57534 44705
51858 57824
6348 51920
55503 60378
45082 21641
42538 43934
63595 3284
25094 38857
62721 46999
30610 29247
38624 2674
25220 64421
46365 57217
23128 43265
30760 16689
985 28009
12945 63324
44595 15306
36533 48145
4867 29209
37395 30625
64507 28050
18626 1651
23801 62973
29333 2614
40301 44176
17754 48051
41854 17637
17480 10381
27932 4717
24759 21933
33087 54867
38318 39245
32562 43998
7091 10186
19387 28595
26966 22966
29324 22790
20234 37751
32860 55605
29258 14570
39147 16925
30274 30071
46266 2842
35715 64892
43731 12557
46632 13161
51975 45171
46844 51635
500 47141
27522 64860
50770 4938
51443 6147
37432 56540
33574 5518
63768 37665
24505 31227
62046 56028
13494 42277
35137 14243
34296 27256
50421 14307
60521 41802
11155 41977
34686 45114
43648 30949
57321 29671
55916 5534
24738 37086
10916 53396
49242 25272
19772 53441
17403 18174
48756 60959
39826 5193
53084 39632
11455 34470
32502 38125
64999 36695
21 23451
44294 40327
29694 18640
14652 10686
1759 38517
63850 55431
23740 23694
38529 34064
48922 57818
28771 14098
29072 23283
44668 46772
10009 46289
40875 30580
49064 61541
45594 20357
45185 11455
63316 21235
5011 17016
4093 43509
32432 26796
65094 6710
36454 586
27692 51213
53642 2649
43579 1740
58939 61062
64880 9284
52287 46515
5797 27572
25815 65248
2390 7774
30445 17299
15627 17338
16544 19286
19797 27569
16377 47941
27822 58657
12725 46611
29536 11830
40286 64309
32589 57494
61507 30010
42243 9353
37125 26031
45311 6196
27290 51477
467 53184
31858 27466
10325 52207
23456 56394
59229 28877
24775 24427
24248 44541
3026 16525
102 19900
7113 9652
32140 22604
14850 28814
12434 21078
52596 49618
28004 37024
33930 19296
2893 5112
42653 8339
60577 47458
16067 35924
8422 40837
34181 34467
56251 46308
33903 8771
55758 63294
3892 46701
18456 27852
16776 2084
20970 13331
38686 28344
32768 63063
60008 31199
26894 57925
29279 48894
34423 19720
39443 4229
13041 37548
52139 23460
22592 27909
13513 42301
44518 10023
18054 33778
54674 3038
31381 63148
37646 25970
39879 53717
31638 51152
53830 50828
8377 7972
45578 61317
165 22610
4259 183
52316 14093
2986 22671
7907 37438
48596 23286
693 59581
50474 46575
9883 23811
17296 52092
56662 36688
21113 15327
7651 46225
44320 49265
40396 33185
2765 45714
34434 39263
55073 39455
38184 41253
43598 53777
33726 36639
38739 27290
51735 14111
36979 26199
6386 30291
10281 34041
16253 28681
54118 35810
55832 6320
2478 33931
51424 2457
46650 30290
26276 43474
20182 6606
8045 42236
23912 48018
16839 30763
21592 16897
2777 63913
5879 58197
31350 8190
56762 58153
34916 5391
44414 20003
26444 23457
41976 29533
51797 23843
58856 6172
284 61921
3853 45818
34694 57945
27873 45397
32011 43767
21076 47906
45269 3180
22257 12389
40228 7413
59703 58201
35071 58506
53764 44446
838 32216
35000 4330
63541 52216
33963 53474
13761 10250
1627 22772
50562 32591
36620 45267
5591 60588
44760 23527
26463 47158
5850 45346
55091 25565
51606 9570
30393 24007
44056 3515
1744 52586
4480 8044
23499 42145
15386 55607
60760 48113
63129 48278
10400 22199
10908 8074
63470 2873
7511 41995
43315 14309
37265 7747
25372 59599
21003 43999
59694 15541
31734 52177
31306 32696
12473 35526
4306 60540
1546 767
17849 31506
14724 14881
22291 43267
61716 63287
55468 37955
3253 56098
59300 1768
33358 39490
40784 39549
37809 57467
26349 50323
47510 42914
21068 32566
25166 20448
21166 20616
7131 64534
15786 10516
13009 14506
13249 53371
6114 47132
57006 55812
36760 3336
25450 46327
9209 1418
15053 34164
8914 11565
2972 47998
8848 65433
11683 45969
55105 12745
47250 36516
4459 42499
22945 49815
46173 57334
1164 25237
13536 44410
35871 57256
39615 30616
20308 6465
45885 13762
23490 61443
49823 42047
10102 54826
17121 36705
19124 63604
24807 44534
50053 63619
6710 29552
12173 63763
7336 33610
13266 24454
20716 42269
56691 63674
32722 9315
27359 32366
42312 50299
31117 33270
55261 27159
39886 4533
43685 21195
14949 7477
13387 33063
30879 36443
43964 9768
25789 22592
53663 20188
23534 58579
17877 34604
40308 8676
31661 59008
3281 431
63788 2465
56390 14019
27224 20987
54382 7902
50932 37933
37117 53524
43665 24698
19962 52218
60686 1796
21698 10281
54885 2375
17215 6351
13589 55127
36200 48162
64448 25051
23001 13014
13690 61844
43842 22598
22102 53052
5548 50542
7509 1534
12490 41478
62898 49515
4145 36732
17032 61561
65443 10325
18634 10315
44264 54875
54195 33716
25158 52521
9803 48513
3467 59335
49659 8553
17798 58404
15039 7750
22153 65450
25704 9808
16853 4643
59857 14480
10519 47483
4835 30657
26771 48742
20154 7195
31178 26389
25653 38491
8228 12628
23118 51282
14275 48544
32430 48781
65529 44968
2076 3309
39363 6925
42944 27064
53960 56596
61446 376
62486 18079
21922 37072
63740 50142
17212 42860
62523 9231
22614 5185
47751 28830
37939 53821
60597 29312
52322 23296
30358 10718
13538 5153
37586 10981
36834 43779
65481 7996
6779 3799
11336 14179
63876 28875
2802 8699
35290 34031
51165 46386
39057 32408
40352 19377
47687 8888
32557 60275
5492 49006
18706 12806
10556 33300
453 64365
44577 7918
20039 20401
31902 61963
55448 17028
45645 20459
49146 17941
17272 37765
43929 48898
23765 13499
19753 46329
34959 9730
58393 8658
17372 30559
22812 23124
11848 12854
11565 32374
48786 31940
19645 2667
26166 14454
17095 60622
888 32212
51814 23941
23058 57690
46762 54805
35264 7450
43150 34009
44580 24151
27873 45397
3227 13068
35751 56824
5448 17126
47198 42017
49653 27752
41064 65051
13950 34842
61221 6578
17309 20749
50803 6307
54459 59533
3321 8041
61707 33296
22495 51412
56279 1080
24658 62242
26961 23739
58303 33509
48172 16366
31329 56859
8592 26045
19870 38750
29799 41338
22276 61997
22875 6617
27618 9366
37576 54214
34225 17882
86 18819
55798 49190
37271 46010
65270 4271
39124 26172
30931 63688
28183 35058
2397 16497
23665 31711
5257 33790
49183 44610
8971 8153
34404 1399
7967 50047
44412 31460
6311 9531
23942 12992
16656 30167
16737 24364
63877 5097
1367 12849
14255 28583
11910 59921
12696 60143
10273 29047
5755 35807
47184 47326
18214 27949
10184 14841
51624 39865
50620 1316
35462 45442
20629 41472
32056 44142
30389 1644
39294 24951
56369 41220
11401 42011
44218 25267
37221 60634
47784 13651
52962 52348
9649 7529
39283 34811
31094 62491
19242 35165
5316 21485
18521 11026
1517 7532
61962 56605
53516 50230
2689 36718
17680 3917
57812 34700
12777 30531
54942 63758
47270 51877
29920 8674
41489 58571
38149 342
885 15970
12170 40740
57010 6058
14841 29169
45221 21496
14580 34909
36339 53212
26276 43474
32443 58091
32211 64447
57390 16903
56137 42073
24549 42318
30025 6294
21213 2403
57145 42878
55316 3483
61372 61759
4892 29186
12579 20833
36990 8752
58604 53691
42767 56231
39627 25763
13875 65253
4550 43590
8222 5796
10239 53305
17792 34971
32965 53463
44377 45638
39490 45102
25097 40009
13028 8564
34424 64452
59284 12771
7519 36865
17784 9699
59603 28784
40162 13609
10770 33071
62408 10795
65525 43282
32313 30565
27207 3045
37325 31033
11484 28913
58036 44046
8975 7279
62164 47507
6783 32275
20945 39095
56755 34889
28886 14097
48310 42802
26091 7866
65330 13343
37592 43749
3352 64782
23250 30445
12108 58821
30375 17784
33010 41848
27250 28882
20849 36901
58279 46842
22732 62262
2832 20509
38206 22034
60268 17622
2539 3649
49467 30328
29876 20681
35501 35178
54771 5797
39192 4473
51663 46860
624 18991
33218 55824
56591 44579
10969 38723
8927 35989
20936 12035
46020 45592
41531 62844
51747 40020
42293 35134
44117 34865
19481 61387
21922 37072
52251 24343
27046 22815
55204 62205
6064 46311
6620 61157
794 3959
37303 54156
13152 37651
22504 50851
12770 28974
52896 23028
34516 63755
14205 59173
37973 58643
58271 5913
64304 40727
47519 10162
33969 11157
29693 58305
26661 30387
36681 45243
42024 39858
10956 54666
36480 42043
619 38649
5705 3817
58646 22848
42771 52372
32656 63643
41953 37766
11800 63475
63385 57903
52845 42124
62022 20278
22066 61871
63498 3833
54622 23194
9939 18072
60624 60255
32044 51548
41452 2822
41970 33166
13920 61453
55522 32551
55796 31727
64317 28982
64881 27484
40792 28792
8483 63121
9753 30334
6490 11024
42714 61504
2105 3825
53587 5723
53046 27430
64382 23549
49340 25457
14305 41428
31456 8208
31779 13650
10923 8084
20150 42786
3017 48101
32532 2987
40617 65136
1784 21070
17587 32739
11815 5262
13274 47172
59675 5144
43834 41991
48774 65143
64612 41334
33 39284
9595 41326
11049 4696
11213 31959
375 17385
32903 32893
55636 47027
46813 19350
27471 28579
7384 54895
19096 7617
41224 55905
48461 54025
11277 60241
41582 45587
18870 29074
46760 101
3516 11490
42268 32800
27497 64812
59665 51207
54189 53375
42659 2492
7327 47809
4960 56977
13018 33374
59757 2300
62455 10065
56297 45663
61203 46048
12982 29475
39035 17521
44545 53972
62358 60093
16383 33360
23519 8245
29501 24689
54205 36170
26002 10797
3625 7373
47348 38848
40696 60550
31074 57923
46896 33222
17360 8530
53478 28559
48320 26876
50125 46118
33487 50619
42188 54003
27384 49494
38899 53819
11022 65010
45467 33586
52937 47373
64942 2743
7358 47642
51145 6224
9993 40169
59025 40525
1424 35394
16246 11634
51583 45731
55114 3720
61002 20300
33252 18828
30383 6219
20360 890
31427 11543
4354 54903
1276 26226
38699 12022
13374 10907
6173 48338
23887 36418
25106 25677
55973 35204
9066 60811
9714 43939
27721 6482
39083 57968
47881 17417
15993 19041
43636 59356
8389 52899
26274 23758
43198 1936
45328 40310
14027 44022
47543 24090
19897 55640
56813 4447
14145 46802
582 59788
19957 48096
8137 43530
48221 25855
40012 59886
16624 58472
30038 14775
22227 46374
62522 1120
3933 16478
20065 46338
53881 16670
51845 15320
4670 47612
58971 18394
3664 22396
44104 4336
40154 40015
42274 36564
49246 9613
14610 33588
59517 30411
65257 52426
63206 6141
25374 59960
54965 3160
54815 32117
5630 11188
65037 18594
43134 57977
26964 49909
20143 32030
34003 38657
30301 5235
1166 52033
5812 27955
53757 28896
35610 29054
22195 54542
53127 12840
20009 38757
33445 47667
3975 11620
62904 37771
28878 58562
13844 1593
25588 35411
44060 45342
61552 1817
15512 48154
27443 15146
8455 52979
58190 38495
4001 49253
39518 14095
25213 34587
31387 55341
10520 3829
65435 14794
44968 25281
2893 5112
27756 7445
9133 58786
64565 21574
51286 10024
28945 56562
16998 33821
35269 5107
4815 26709
29342 1895
48226 193
40475 10233
45979 33499
64863 25640
46955 22095
13295 12125
51308 40396
51458 55712
8370 7834
57753 24874
6225 46643
29135 15149
59512 55467
20757 48027
28112 43373
27975 38319
61477 50827
11370 50251
21210 55128
53053 26374
22920 59489
15756 51830
12134 26527
14811 18185
1742 56689
12884 61643
8947 57030
49881 29250
23944 2836
5016 39080
48629 26024
52534 33656
40370 28460
30613 65286
1074 16685
34246 10390
32481 15594
3276 51692
29897 6044
58241 37581
61004 20846
32958 55055
14585 48531
12334 35898
13384 34803
37331 11752
60960 40046
29044 24208
52738 40143
61611 20835
28874 42544
3353 23181
13364 38854
54071 21578
2196 3302
6528 64122
28019 19789
5115 52089
45374 37705
45802 58858
28320 36566
43048 29588
18218 49788
38951 16780
4514 57448
790 24238
6975 39543
36502 2101
53772 41433
41420 30016
17767 15564
8606 21783
14958 5662
63240 14034
17874 16677
44755 3375
11015 8773
61132 9108
51107 43521
4896 16233
55934 3130
51940 60287
37486 49169
995 59049
36996 55871
19563 27410
61930 40403
53219 55113
51131 53035
18609 26074
11133 53331
54324 43480
9397 42261
47973 23210
32963 11258
15346 40995
46333 16368
3049 41996
41638 60052
22947 8159
19284 31106
8315 19031
16545 46400
35584 33119
15266 665
7597 59334
2908 27483
29418 28140
16326 56310
29397 22076
8977 34543
2108 10337
45121 45788
49718 38194
44443 17229
15175 19443
55238 61465
44651 27859
28169 19698
5029 60470
41576 14110
53070 56244
29712 41002
60406 62551
28658 28723
52618 13877
15020 58667
14424 48809
53998 1688
49275 42941
25245 43245
40955 33488
54733 19278
24729 20409
56089 16576
3082 26639
13165 12684
15965 30951
55843 7048
12429 63089
19752 19515
45783 22314
57323 16475
51293 22378
28472 1611
13644 5857
23056 46742
15080 30205
45162 9564
46824 65455
52150 1543
61590 5751
46573 5604
54639 53798
27258 23115
4069 60363
64612 41334
59087 19405
41663 499
48426 38796
19127 30861
18258 36791
4933 40125
56952 33517
49748 33245
58737 63046
60223 37460
28599 51247
18018 35019
42151 54377
30235 5547
24273 58480
35025 12245
12338 1100
28659 18517
36968 17292
45426 62127
39084 10405
6514 62516
42784 15486
43966 37839
2702 37173
63290 31600
35723 43559
2874 3419
1079 27030
4836 7369
18662 21712
39553 37942
4514 57448
50865 57432
406 62441
24808 26544
37134 20793
51950 15780
19419 50149
65073 19958
9879 22796
26733 32154
28564 32807
32825 51516
24017 40311
5766 15224
39429 26185
10172 33316
20155 10018
21731 10362
50557 5858
32182 2068
41560 15826
47169 41653
56898 32511
21127 13138
56214 50479
30809 47778
2382 31008
35269 5107
63600 23880
5028 52388
40315 22697
37212 27125
56944 11907
19054 37588
31919 16202
44290 16986
4182 38615
57489 35392
50545 32463
39897 47369
6068 44078
62336 12604
10682 1528
36134 5203
14591 60983
7970 64519
3662 14072
35821 24814
56934 27763
28761 23847
35064 46880
15958 60028
686 33074
20595 37416
49612 10633
49386 22453
41640 16068
62987 1799
6209 17130
36122 23580
64437 62501
9722 61876
2136 39430
36308 7171
2707 18886
37188 40154
30050 38172
21195 30595
13467 47155
60007 6088
29851 20285
12562 6984
25152 24552
16519 49283
51791 56658
46425 48478
18675 48975
64219 36763
61905 55063
54274 31463
834 13213
1931 65191
36327 44094
49946 39594
9087 62753
47826 62627
19928 39974
35963 48047
3047 54133
39081 47817
20405 51522
17246 28100
10585 38020
51884 15058
38814 61993
16071 21634
38950 31126
46081 52512
63845 25688
34876 33650
3098 50335
4717 45051
58208 1
61524 21346
3066 28450
51903 25074
52817 36703
43703 30203
38110 10284
19014 25891
53771 41374
22813 4591
42242 65084
45939 52874
28174 6755
39053 62740
40496 28257
43727 26749
35051 7469
32435 43180
58774 63472
14952 58614
23546 20589
21532 8546
33630 17512
64774 57554
14409 47017
32723 25797
2854 22897
32783 21666
31311 8894
38895 13677
1235 30383
19168 3802
14873 6975
13127 48382
56210 64137
24274 14598
10596 4956
23945 59206
27254 65150
55598 2877
59721 52872
3293 59023
30700 8810
57039 22223
4589 6725
34082 16773
33285 55955
3922 36915
32947 8792
27628 42615
26489 36416
47542 19780
29989 25356
46175 53918
50488 23530
201 47896
11772 55776
48776 53744
47752 36862
27186 28973
37514 21926
37291 55678
2289 43141
58888 5237
16359 45285
45506 30631
61008 27739
19608 7108
19012 38942
48893 29183
63122 31903
43462 32657
43380 63889
431 25592
6949 317
21081 10012
18638 51101
48574 25604
13711 65145
25447 5120
31076 46926
60360 43210
15379 20141
21347 39597
50201 20048
60412 35951
28529 30591
16553 15766
43626 23936
33658 47295
23634 19045
29997 7148
7321 33407
8155 47876
45057 38175
25994 60778
29176 54256
21793 39236
42177 56062
45279 57906
54611 7049
12790 63367
43489 34832
21831 823
29914 10120
38484 5032
26583 33390
35465 28955
9135 2892
19641 48155
7701 54537
14411 46967
32841 23385
2476 9517
65447 24964
18182 23222
23769 37282
40272 60384
44881 39983
62635 20513
28935 4998
58529 40599
39385 12000
8266 23862
29100 21749
35988 65428
36224 6440
47647 26099
63096 49482
12241 43620
26345 39109
41941 29776
30634 2499
1149 16543
26370 47201
30292 47542
65071 57194
47028 52441
31614 27904
23286 43019
61314 17517
2418 35480
46996 28036
22713 30542
48219 22334
13789 13760
36988 14684
45983 36260
23603 20138
40254 15126
60083 34853
17333 44672
14881 29568
22957 22793
40315 22697
9828 4975
7368 26128
43180 60532
11684 51004
45301 1352
6463 63404
28884 53996
64200 12235
4716 6464
31211 44670
15735 24093
41474 10597
34601 22544
52848 51467
26100 43294
63076 56340
58437 18493
35271 50118
56871 25679
42418 32210
12483 19688
38822 45081
55104 24804
22878 24543
41275 51586
7569 33655
32226 7380
31042 47735
18236 58738
18472 44811
42154 16906
36748 58527
48249 3466
20182 6606
10146 47121
52075 28037
36458 10790
61059 62388
9573 8231
16363 44779
16185 31064
5923 1207
24457 19374
56588 1199
45777 18650
21066 18506
5340 61926
40399 19253
24224 55864
35856 56161
41169 42112
11151 27188
32326 9259
6416 25386
18620 44464
26920 38318
4880 47873
37304 57289
47153 25866
47769 15303
53874 18789
41176 39707
32235 6599
16268 54129
64684 24374
47330 60154
34802 16339
60246 62457
3794 33446
8494 20926
22577 59726
62252 34379
41668 49826
14528 2483
27391 35131
24777 10627
23480 17570
57082 52841
8657 60852
36973 19168
14972 17803
45114 2620
14581 39679
62304 21493
18547 9042
20853 18855
22419 48645
10326 46774
56477 12369
47341 48173
36597 4290
26450 47334
47464 37203
22697 827
46047 20566
7294 36408
16320 49601
13004 9695
43690 4758
474 13799
21571 27075
16079 60553
31417 1826
55768 56192
61209 45877
21775 28769
1652 37061
3310 54679
33768 10550
34332 58235
57386 46988
25504 45795
21939 54871
16257 33234
21660 53909
21596 16730
60826 21953
51351 16006
61712 50642
52718 40913
15055 43862
25383 41883
28711 19531
33358 39490
8653 57389
17246 28100
26152 20631
17634 23551
5921 48300
47895 61983
31708 54760
20879 32065
24333 53360
38638 27906
7247 34081
51068 63307
8139 15336
41276 10672
34964 53416
5704 31024
59887 5684
49388 3061
16930 19173
10792 23384
17032 61561
21431 51324
36788 61687
15479 49873
3116 14213
38223 58096
59816 7479
35756 55842
61522 8507
7241 47289
80 8281
2558 19950
5799 50782
15012 39640
42392 22811
58953 15898
34916 5391
20322 10443
382 62519
11087 51168
1700 61653
33691 53269
23849 34825
39691 32561
24734 55823
60279 34888
50624 3482
23451 27083
19237 41527
47944 40104
10894 2527
52876 43037
18712 12751
45750 18497
51933 49182
60966 18290
63165 4900
50533 36748
2980 19317
21502 40276
42617 28966
36241 5851
33858 34683
54566 53206
58336 52755
40333 22432
16749 64540
59634 5734
62373 51892
10101 38777
55051 18448
23376 55679
32253 32361
16271 9886
13938 37525
45383 11957
54726 16323
56339 61668
2385 7097
14563 27282
14660 3966
36309 31836
39466 10010
12002 24080
37484 18644
35039 36467
55174 55037
9587 16393
54326 50729
17063 35543
61983 42354
64728 65472
5550 25794
61259 24938
52579 24742
57152 26662
39576 41192
62494 8484
54822 23003
29255 45290
3639 62099
33839 65242
14908 46785
14555 52973
53007 3726
19862 40940
32841 23385
26703 11906
52411 38619
40258 1516
42048 5828
47002 49125
21637 29281
58507 61657
36685 12366
39718 60723
41973 45361
39395 58023
57543 56275
63394 49714
28501 18933
36139 25656
17791 14407
27892 32802
63835 1422
26542 31458
26984 50011
62653 5160
20088 20712
34177 29654
40647 46071
61414 47301
17992 50385
50474 46575
28645 60656
21222 38568
16871 48367
35925 54088
62141 3805
20791 2942
4367 7818
54999 26726
52429 50150
33591 49605
1041 33306
43018 9433
16678 1204
31327 8045
63521 57769
5809 24807
29864 17998
44456 15908
25823 63692
38832 2381
1369 46985
626 11421
1158 11892
50727 13337
21320 26197
39457 4327
54063 48063
8487 59082
45316 18759
51084 39920
17467 889
59061 21127
43946 18422
30732 20403
49690 44126
4665 15937
31061 14915
33669 5432
50532 57106
49441 36721
18763 20518
8990 17868
14573 53663
48554 2424
28034 9765
34749 53807
6620 61157
19253 18202
55814 24502
57566 32507
47662 13380
27756 7445
42024 39858
8317 27650
43992 50411
26017 3060
44735 30354
49406 15959
17375 46296
20046 26580
61689 45160
47760 39019
29375 33355
37408 25755
57281 15341
41813 22401
3254 56767
42165 52162
36521 59152
6791 49104
40273 28314
46731 14759
40881 57463
15948 24367
52191 31072
45974 14103
63609 3365
11829 24795
19313 20160
59627 21664
64139 29658
52032 14882
16119 21026
21783 8192
30217 35081
20289 14542
65094 6710
9812 41208
13401 49149
56714 38869
50502 30973
16900 9638
18343 46934
52719 12141
58575 28407
27720 10428
48316 13937
64399 12644
15413 1440
57100 19126
2155 49744
48743 21205
39584 63337
60208 29909
44988 43905
65477 22947
6252 45210
13482 38785
62802 23632
49801 29767
57957 23769
50378 26261
12659 1383
30320 9671
28485 17393
16618 57145
8738 14804
65316 46243
27163 48511
31472 11094
40904 32888
51892 55027
31071 45742
54138 49639
35495 58800
52700 60487
25326 32545
6470 52963
36059 5897
28992 40518
43176 63940
22370 9901
9755 7876
40374 45642
4451 33173
64140 28970
25951 41251
16485 10986
16256 57093
24493 33233
1683 9653
52633 64811
61723 10507
16258 20462
46371 10427
47540 36905
51146 42288
47466 41430
5601 11418
47104 35450
49311 305
60418 1636
44361 36153
60901 2650
63756 62062
56114 4057
42723 11701
10357 8601
44225 2579
2693 39230
3778 38290
32276 64730
45561 9819
19526 24614
1262 52811
35701 56132
33600 20327
25799 33380
35589 18618
23610 55608
39549 9184
16827 47399
30510 62477
15348 16532
21997 40298
53356 18167
3268 49874
61994 46270
37186 48242
49880 51132
55892 34196
27437 38589
18399 19827
33327 9698
1270 56805
9102 650
49172 43465
39123 28024
55080 34452
14242 64181
3313 4759
23389 658
36226 13845
61210 4464
21414 36110
39238 57000
1780 2780
12455 57087
22525 18748
56247 58875
23246 52893
36551 22213
26388 6991
35618 11162
15171 58645
18017 59360
5372 18904
65026 12926
36540 23825
35487 16707
35196 11497
61499 41160
5180 61622
8998 17936
4886 30122
38967 16869
49459 13519
26435 22481
61346 3889
6998 11731
39734 47471
16948 13580
9612 20243
37454 64651
50576 3685
7272 41382
56069 49918
59190 34755
655 51897
51787 64420
24756 20612
33764 61682
28936 4955
52720 61452
41593 16857
34618 55676
21311 20071
45881 56533
4285 22972
9480 7892
6464 21801
44430 30697
30194 29458
35116 25365
52845 42124
31222 52180
10249 31358
26655 23006
28377 60471
60116 35643
63400 22403
19587 31823
19471 57033
9376 6337
43270 35949
53504 21888
18094 59340
2825 41851
63361 3265
26883 8177
10663 8081
11781 39556
25329 52254
55037 4106
42280 22733
1687 26433
34119 4225
57232 65434
48627 28430
26825 1709
22380 24372
24211 37507
33823 10089
3654 48874
32094 18625
46739 11138
58998 62787
61098 53555
31786 62703
60167 42432
50247 40047
64133 12562
12051 15026
32050 7305
48013 58581
5933 27695
62856 20717
9906 49099
21339 47916
17922 63290
50940 10678
434 30664
25428 28684
11327 64626
21159 49460
51033 23190
26900 6799
49875 38849
12128 550
4957 5213
32167 49016
17980 9174
41157 21200
46059 35783
21848 32365
55644 677
64105 12050
13345 1109
65474 52317
4233 14680
61931 36114
63594 11676
27583 21699
57530 18668
6332 50098
34946 29476
50457 2610
64150 61309
6783 32275
5871 4420
25705 9813
32907 43016
43680 5584
8114 24733
6680 7903
56483 64736
18838 19828
5291 18953
47726 51709
9394 49960
17347 31762
20091 22743
7685 4265
58463 2643
3530 63197
57804 1794
859 40038
57475 11623
39453 52067
32107 47687
25553 31949
57980 64512
62877 46998
55567 44325
7141 7728
42849 65223
38990 1124
34453 41030
26827 13445
61005 22985
25273 13926
51782 19970
43251 1696
64441 24331
46965 5038
58522 5020
35828 30992
22030 51390
24784 30053
5171 37623
21414 36110
4563 32867
61270 32277
20260 35182
35578 28008
15254 48927
41008 43219
50849 5327
47543 24090
35599 23364
29473 24761
24188 35351
54789 657
45288 48273
44611 30415
57528 43285
21784 31595
11186 48935
15539 47428
46586 5096
58560 41370
25903 5816
2100 48656
14456 52948
38748 31520
62334 10518
17768 61674
47988 60901
33179 14175
14934 44531
61992 25536
57451 18237
18101 6468
37601 6891
46078 25774
22149 26861
61625 7942
22079 48208
56733 46588
39361 42150
56202 65370
59351 45146
9539 17210
61450 20935
30146 22047
23635 31644
4771 60365
51107 43521
699 63055
31344 61905
19099 4253
63677 29149
34432 33593
60798 7861
4821 46354
27020 61114
22045 29046
33124 60637
59890 53015
13840 2626
49508 63932
53176 52920
63389 1318
54488 58496
14970 40187
27477 28578
56337 45476
42369 33826
2588 64997
14310 42761
8722 15915
23142 31063
978 53279
24884 13934
7791 3261
55601 12246
57995 57963
7938 402
795 62213
62339 22528
36830 56578
6238 32544
31680 41280
16240 45301
65070 9240
9629 65438
4465 12664
27708 58563
35568 53267
9766 56924
54246 50819
65528 20996
47295 51693
39234 64707
3646 50841
16869 3161
65100 13743
63352 10185
38131 8734
41279 43355
43698 62246
592 43733
31724 51094
41831 45624
50378 26261
17416 13190
35967 31407
56841 30386
27414 62364
27159 49200
12058 21447
7571 6598
4098 17270
992 63610
30371 22000
8026 45860
64675 55330
17347 31762
45451 36395
52443 12237
59021 57012
14977 47844
40651 2982
20211 10394
13739 12568
56237 34279
44038 23947
28899 25438
15786 10516
4350 34631
3679 42793
14959 61033
30225 39102
59915 30110
26843 48433
11386 37444
48792 47664
28043 60530
47370 60136
43014 9431
12355 59091
13921 57801
51922 27539
59902 64143
58418 14165
51850 38959
53041 24695
53760 28121
64797 28160
12301 27858
32107 47687
12394 35071
58541 1764
54116 4354
63911 53075
10034 18455
60175 13406
62405 27681
12659 1383
38311 5669
28047 63024
5890 59859
54231 50345
55957 22833
5942 17731
17006 46082
19992 28617
51611 27082
33001 1849
1889 15858
10416 61661
10756 43266
45850 52783
19989 11382
64112 63770
36157 55788
244 7067
56857 57294
21678 53967
28923 48064
12701 24370
40647 46071
26453 6054
11998 11567
13829 42916
5119 32857
39435 55412
37837 38533
40434 15133
24980 23280
17897 63801
62728 3426
39739 34278
50895 36441
14933 6134
37703 34317
34582 35534
50401 47742
56934 27763
50117 64373
2161 673
3818 1713
18214 27949
29577 8169
800 15292
48312 49497
61853 57594
32022 32839
48450 20236
40692 41239
46616 268
31108 35190
55673 18280
57412 21852
6749 53245
20211 10394
58315 49305
42690 28846
14839 39282
17787 11243
11842 51149
54170 23777
8105 53567
39684 29949
33797 17402
22504 50851
30970 1206
33429 17811
32361 18332
3957 19741
37886 14508
34240 416
58515 37666
2094 35805
13086 54980
58743 34296
21050 59237
12096 2243
15575 2253
4091 53237
30386 20675
64085 50916
28333 14091
20861 57430
855 40071
31080 4498
57192 61115
57388 23506
16065 22620
10128 64320
55274 63256
35486 64995
52060 9668
61419 9071
3345 23399
12769 37263
34079 1122
26792 32306
30244 35187
1194 8890
25051 3565
15844 16735
52217 2562
535 8228
25504 45795
55860 23146
63979 26253
33786 17604
35277 50237
29302 64279
46817 18627
29869 29645
42220 30388
2807 8635
45007 53847
20435 30454
42900 56145
44325 36943
32981 43289
52542 62600
4830 46089
33147 40844
20905 13904
31618 979
25717 40033
59228 44863
1749 5166
23806 61156
29272 45563
52036 36387
51581 3877
39347 7595
51090 59714
47403 27490
57888 6060
31444 23307
39134 12696
24310 61801
33200 50348
63494 60383
2989 18085
28938 22662
21020 54687
56806 52199
39413 63363
12683 31271
11033 42535
64934 27946
39627 25763
27186 28973
22649 38475
10029 59695
51040 58880
55674 22458
8918 17777
3439 62557
32529 59598
15867 60598
23621 33627
47680 61632
63138 45107
54552 30926
20146 44076
14820 65392
63093 32589
32297 43081
20057 14182
58556 42396
52698 10805
62889 47673
27676 56778
58496 31801
11307 16613
4323 14866
53811 35573
7302 17215
56976 51164
34986 62795
13709 65518
52305 50158
57626 57337
52667 8480
527 38579
39389 33534
43950 37157
26843 48433
3050 51414
41744 46786
16697 24707
2926 22445
41760 52462
4341 36531
30868 58452
36071 4624
64092 40678
53738 11030
56270 59508
50167 62969
53886 22121
33190 24098
12047 58586
27373 5717
9771 52982
16507 51339
45599 28290
12124 29116
57447 17013
39715 50845
34409 14431
16836 13263
8305 21207
60984 62940
28167 21105
38493 48966
22087 24576
12784 54918
16829 51893
51196 39532
28856 54098
57838 25696
22464 5567
58867 25653
7820 64955
48888 50774
58378 5706
11432 11951
3349 24062
5562 44942
19310 14010
60067 30218
12405 42804
4050 14799
21082 19978
293 13135
13888 30451
10945 55705
41684 13456
41892 15071
4597 63995
13999 873
22573 12585
62452 1282
16390 47243
57570 18060
51034 45904
24935 62354
6142 38739
47762 13766
2423 52922
31485 30347
17043 64043
63925 5603
12137 63503
16205 58357
3568 27671
58614 64359
13696 35896
34241 29638
26518 13214
12978 29828
11836 46688
48825 50577
10195 25613
26633 1694
55738 25219
37653 16664
38450 17481
18353 140
54242 46249
47986 16560
29499 43287
56852 13328
12834 33412
53361 641
56116 41606
52978 29208
13427 52282
56594 63288
63471 55091
63747 27827
64238 62874
26276 43474
49738 7250
64823 17454
54281 29997
29436 3683
27294 274
29550 18704
21348 4815
14347 5885
33926 16405
2762 25234
38066 22133
7329 24423
24850 12391
57547 18596
64465 11466
8113 8279
18908 34253
10940 57221
16161 41088
25560 46902
26841 9569
7554 37672
43772 52490
8143 16830
48228 35618
16544 19286
50049 25750
45488 27028
26205 22876
63974 23105
18612 55535
63740 50142
7225 32181
24451 23486
17301 39748
39432 53492
35886 38943
29921 12520
14858 12938
5307 54533
17663 60695
38804 15428
60866 33695
34224 23197
1551 21939
8296 11587
52849 16756
753 60247
15787 57570
11522 26044
8980 4569
35768 18490
31353 8120
55111 57624
58501 60818
8464 62060
55348 62055
1390 41133
31893 64003
59790 137
51582 16115
41502 55416
61338 19895
29913 6504
44430 30697
25231 35532
60241 39252
26199 23645
12998 30089
59395 49076
16406 45757
58765 54183
26744 48482
14611 27701
19974 55511
17291 64948
1025 22233
43203 60926
2780 17957
47737 56522
27288 5866
15797 33560
13338 15649
2288 22582
12393 57814
62442 14402
35977 16367
23390 55434
22987 30785
32800 20843
32332 63829
56611 12433
8345 5825
57891 38828
13367 50304
29113 708
48439 31276
19249 47149
16615 56548
60539 48558
27424 29615
51018 44113
29709 37885
50492 11380
46796 12102
33782 32994
38770 18900
16745 49187
583 13233
39532 51706
11814 57220
20608 32211
50262 61531
36679 23866
57467 64299
28704 39003
935 37335
7327 47809
5596 16273
35878 42459
26237 25257
43757 42296
16278 44341
51126 24384
9249 54151
53760 28121
18315 51850
45790 19428
23687 25953
10988 5395
15070 60719
2609 34148
4527 44786
38108 5442
46220 63896
32151 45868
17662 287
45609 27819
25754 59748
38232 5814
5895 25259
50237 34903
58267 47774
30339 18587
8412 59107
36750 1687
675 41358
59155 42530
10256 21778
18866 12867
17315 28958
9154 26913
8203 31316
57440 55700
49712 43997
64783 19049
57189 2379
32296 19505
48681 45717
47505 56896
1216 2779
57521 8501
47908 30847
16515 52023
7564 3962
41272 2941
36940 14581
8081 420
6903 23
35672 56136
3072 45855
8901 25037
61240 58393
46153 50836
46536 841
20574 34582
21609 15148
54863 43058
32738 17390
31572 38586
41392 56094
11431 18868
17183 13077
15670 53820
6014 33677
24083 3816
59443 20659
22374 41582
44251 50904
47438 20014
9112 49733
30671 53870
13539 22012
42088 27095
20951 33939
17378 35839
10766 23663
37416 7285
13968 28587
53733 9734
29558 32576
19970 5071
60927 33466
19688 48877
37293 52883
45428 39326
41192 1262
34392 60840
44072 4337
42465 35300
60121 30240
30764 18800
29854 39994
56846 8691
31919 16202
4547 54591
63352 10185
21558 60427
38267 42880
56417 46594
49146 17941
62765 7852
32264 29499
19996 55407
588 15801
38279 42442
38967 16869
45228 27677
53973 23982
56226 18123
58061 41770
20292 48043
29077 25930
35544 37257
6630 40569
28912 37987
4312 62236
27636 24899
23803 15922
23656 33869
57006 55812
37400 6844
65153 19292
31900 64508
13965 63201
37645 47290
6101 34177
18251 7611
55991 56110
52582 9432
35210 34887
25416 52012
28424 49484
1341 50302
58798 22763
50443 3694
31803 29200
57008 33743
46702 41794
30652 15708
47571 6575
34560 37522
39394 38265
54421 37457
57932 10839
58426 32601
34481 11160
28127 11371
60366 42954
47376 17340
53041 24695
48095 61009
400 37899
41496 64375
33628 3440
6612 25187
2928 26064
2913 18310
44544 16691
53936 28182
9817 31055
11387 31766
64564 45436
58129 33803
26581 34611
35844 26116
48473 8921
49762 53994
53220 2792
38500 20727
52012 62473
64859 13703
51238 16289
32290 44174
3604 43175
4660 56508
24238 56248
46651 27798
2074 64773
7978 51529
13008 34789
26447 18265
13950 34842
23948 58834
57488 48398
38858 838
30319 6477
32523 19435
50087 38393
5307 54533
59320 11317
7048 35752
43803 63345
55406 49917
4632 7273
61534 11657
2879 29887
14691 1526
52728 62586
20942 4088
62531 4850
59786 60933
27639 24836
47891 21821
1293 7062
23205 45810
43875 17771
51722 39699
61540 21927
27571 27061
28950 54928
16332 39337
8248 64344
46943 19026
7557 21867
30013 18652
27107 48203
63426 6374
3595 53650
19636 59198
1060 44474
35136 45747
26035 16586
52945 19569
40907 63638
43514 37188
32443 58091
31028 34718
21279 7508
65340 14118
40793 45850
19776 52556
58734 21133
18532 4650
12447 28297
57318 38280
21767 21773
18658 45003
22857 22655
37093 12124
15481 38946
61019 34961
41432 23323
42973 12695
28192 47386
44106 12838
1497 16630
56320 63514
44070 24301
52279 37689
81 20027
50255 14919
17598 49340
13169 43662
32759 34088
24514 31619
9551 31164
36052 15515
22003 33052
30638 51351
29979 30738
45157 24393
14628 9760
27204 33414
32618 22079
46122 10527
48970 19142
55848 35709
23569 47385
36898 7399
1379 26067
61413 42116
62234 576
39943 34290
7919 39454
23886 11774
58014 15918
8056 48773
59207 37606
38918 62577
51256 39130
22562 48761
3050 51414
18370 61406
7541 24641
38320 3303
372 49835
59825 52034
64333 30022
13325 8348
47652 59439
59363 59702
49682 4741
22050 38043
55794 6772
81 20027
16473 48055
3073 58013
22950 53155
15000 61324
30079 17655
19444 61153
26374 270
62478 24770
33925 9728
38284 21094
20522 48475
53375 34780
53008 623
22222 21682
9458 51836
23675 47910
27873 45397
39646 51463
42633 31904
46970 49091
52961 6689
16396 48486
779 36013
5383 4259
46825 37806
16245 56657
18176 20850
57860 5031
13420 65217
58643 51702
53908 47006
57717 43115
15635 10123
13722 24481
35485 23149
52876 43037
36906 23017
35902 15506
53092 11571
36737 59658
20413 60238
28035 60731
28155 52154
28030 43625
17566 20200
15204 29123
19450 45840
8415 42185
40135 34295
52653 27917
28069 12340
4682 23779
46175 53918
3981 57422
47731 51654
12702 13542
45738 17850
30294 63264
21134 483
59556 12310
7402 43444
28162 18209
43532 3692
51117 44765
34547 50734
54800 50717
44632 28132
21982 1461
48887 3370
35121 39765
52831 9872
58909 21589
607 23267
2574 37365
27402 258
13861 22190
21906 39009
29496 41271
25074 23291
50490 44079
21386 23649
32348 23039
4686 18259
7605 51433
3638 64629
10164 33194
45240 24332
62664 52347
3274 21084
28239 28200
26679 15367
8591 10374
19146 56599
7482 4726
36115 9657
8800 50854
20527 37711
37328 2952
16171 28252
27712 4846
24736 55032
22037 21728
15038 1882
47387 62806
7289 18879
12477 39224
24211 37507
51134 23030
2323 41140
7403 24271
63464 16083
57832 5377
28058 15375
25889 38420
48964 37077
58005 15027
31532 18366
29421 41468
63151 22407
7142 19108
19663 60297
14757 1378
32256 13860
43058 15127
56355 60472
15329 5316
24748 17928
54984 47325
9343 20823
59972 56219
52911 25079
20649 10531
42758 23319
18643 17395
36602 38345
51970 6982
60214 34018
21778 50059
4232 34510
43791 28506
23036 9725
58236 48648
50646 18324
56994 43433
4086 43446
18062 33929
2246 30682
22994 15641
4629 44242
44453 52942
37963 15193
33993 19392
48966 18347
35502 3522
452 55781
935 37335
5281 39444
56597 60375
65106 36401
44949 53146
2569 57645
34151 33005
2794 9703
6983 24925
49114 30236
10063 27198
45531 30023
46806 32081
61186 16292
61100 62369
39906 32910
63141 19504
23249 37002
44802 17182
57307 57435
34230 11023
3426 62324
36765 62820
43386 62305
8291 16429
5052 16143
12806 19155
34636 55744
62081 36913
53340 16466
42573 50096
43758 594
40764 40534
6698 53019
28987 30369
31803 29200
37021 4358
8175 64742
45952 11406
23184 28260
54794 28529
9728 126
41311 40369
23524 15707
52446 22959
39555 21135
43330 14758
37483 39017
50867 7578
21504 20733
1519 21391
42833 64709
60181 36474
51643 23243
50410 12143
32018 33676
34379 27174
54016 21023
44307 29190
26512 4942
27915 47798
30953 32502
25316 52985
59223 25922
58811 42752
10620 43121
32555 34996
50143 3004
4539 1760
49469 21210
36079 55893
55566 28062
32386 29147
18724 63390
5382 62096
46865 11510
25477 23723
44838 21021
11999 42393
32414 15172
39448 4596
9412 35858
43284 329
16900 9638
46221 30460
16791 34955
18612 55535
13239 41982
270 40283
2154 48110
29662 2308
54678 37759
31017 30895
8680 46660
19615 56281
18158 43125
28404 23666
52440 11983
58998 62787
34977 12739
26941 57761
47216 51446
62124 51813
31482 17896
13724 20254
37012 57695
32355 29235
28135 60583
13369 5456
9094 51251
59440 61619
2666 51367
55683 12276
53885 12193
20828 6003
39013 51423
11798 56446
58988 5331
18468 54300
56020 20886
12735 42904
14306 12255
4061 45514
18850 15721
22689 55429
1121 18902
42825 56079
32526 64507
23462 39494
18112 32233
6856 1751
35577 35362
59880 7485
3257 34474
62522 1120
12388 37989
23521 19744
46610 61440
9571 56566
42330 48882
42506 9572
5366 9844
7605 51433
21473 24758
15083 29408
21027 57717
30373 49317
53557 11665
33762 3009
39128 20235
56632 43954
41749 52619
65396 35415
30223 30722
38529 34064
63874 18472
65116 65385
40029 1095
13662 46664
53 10388
12858 33870
11828 25424
43051 17522
6496 21894
44804 34931
18402 41345
46177 19346
4078 46411
7534 45205
6703 41046
13064 20358
10136 10744
19820 47835
48704 65515
43742 6934
3391 52817
47685 61850
35508 43784
21692 17311
34507 5652
42275 9880
20585 36968
57080 60964
31693 28032
52532 49861
42027 38441
36475 47273
56837 40695
63659 52546
56027 54587
10896 21130
17882 33100
48699 42866
42032 10753
35829 50874
44904 2331
35165 16033
63505 15684
15363 53771
503 11447
54830 1037
13602 8760
62615 55665
3636 29841
14317 34015
27453 39305
26054 26607
16401 48369
9777 35869
42204 42847
8144 34633
1612 53182
62783 42359
29392 20930
31703 45338
40640 29726
21728 5807
63838 26707
20923 9362
11068 52838
16248 24289
58577 33915
32934 48871
18586 52219
38100 20722
47802 25087
46897 60
25240 50529
61094 40199
16676 43401
39752 58964
52084 29898
44527 20046
14742 33258
5799 50782
14088 6867
33952 40073
39488 40195
44468 49625
20323 42184
16746 23221
42780 48444
40593 53533
23838 59901
30962 59721
39899 17917
52657 31477
65362 27514
48966 18347
47159 9580
7933 28662
52676 15021
44990 49908
53138 57653
19315 11733
52830 21476
43203 60926
40230 43334
35162 60832
39202 62419
7038 18399
6553 37959
34936 27937
38857 15136
36974 26383
45308 37847
3942 22285
48697 17145
22233 15142
3512 63135
62648 51413
337 22881
26609 39985
39596 52057
55831 50422
2692 62879
55908 32612
6631 6545
388 21005
45526 33687
42614 31296
38766 11718
44792 9345
25977 63433
22894 22498
54470 15397
7545 37410
49249 36716
23274 2262
33397 35331
32739 65522
7499 49341
28961 52458
35089 62053
55587 52369
23700 14979
51542 1339
43105 14782
4296 54883
31422 58548
22378 48028
23642 4697
7566 44966
36163 1137
16386 45958
31255 30426
25909 56312
11299 58408
44699 39555
23703 22986
36899 21490
20714 864
60909 43610
36011 56936
10185 15407
35962 45590
42383 62297
40190 3102
10277 64456
31996 61958
17992 50385
52464 55329
2932 59523
42187 61995
46745 43874
25021 53354
44290 16986
20289 14542
43504 64752
1078 61816
36060 37586
16983 60558
21937 40544
48575 47204
14889 6463
19716 19336
24474 17213
50987 12577
7000 8295
57879 44047
2762 25234
7949 61177
30390 14798
22760 9128
13604 8212
13535 2169
48655 48689
23945 59206
5242 58610
59360 14661
33512 43755
50748 25206
62424 12966
38371 49403
29656 45362
7095 23648
48636 11801
15980 25525
32522 62643
56522 1409
40131 60843
2781 39368
26339 5571
41956 18566
6201 60664
46158 65266
22609 6186
65095 2221
1855 58593
43200 9030
63548 39469
6222 29741
56679 14229
30812 18635
4424 20821
28597 33765
28339 8358
9130 18823
64045 13889
30985 44547
53699 10947
10354 22517
34395 35444
62106 48833
6027 57258
2327 37821
18593 9144
41923 47276
32049 31793
11438 22991
30422 65261
45180 22634
17352 59319
58465 14481
20458 50141
11161 5412
53460 54352
35187 15443
54118 35810
12522 62288
25992 12708
32630 44944
7857 63468
37983 60213
38955 8870
46603 28586
59927 32664
39640 4414
20200 64746
20496 54085
40076 35298
24104 28192
31220 29771
20495 15417
17530 24644
7671 51345
65005 18831
25709 12698
11263 49194
58656 39810
40862 62411
25110 28095
44640 57521
36749 37373
48218 28796
20321 14112
38227 12704
27812 6894
56054 3258
35617 27480
62376 39447
29689 48728
5945 30760
11617 28054
29489 60338
22280 49167
34035 29730
26976 11979
34010 20186
58807 57996
40426 23644
64694 18022
46867 32959
22172 6987
38740 369
19041 26923
1992 52818
37073 23768
60140 29663
57165 843
29983 31585
60344 41568
54609 10029
35282 60193
7059 37812
20360 890
35507 54653
58330 4457
24856 56722
55273 36249
2096 43026
44531 48559
37158 6563
42683 16328
39423 10818
50102 40190
12529 43458
17279 48879
36204 26229
60194 19326
15517 33987
63818 46578
48680 45137
27917 4705
18741 36319
55110 15223
41820 48366
5647 48823
27078 2540
58300 37400
61728 11492
30689 12149
30846 39931
18220 51370
20660 10157
12080 65061
34298 28739
64639 12853
61479 2310
46980 60898
1305 54614
51980 47802
33422 61691
1366 18390
15062 52878
25188 51254
43481 33660
34865 36817
22693 51136
40854 32008
14472 7832
52199 47823
64831 53115
25027 27232
19880 62507
22411 56089
36933 6749
22179 7974
52425 32107
20398 56736
41669 29249
8500 8327
54845 17626
13737 35529
60332 20291
12012 54957
12104 34775
24275 15817
52467 15309
8749 29700
34716 35282
31895 34089
3756 24083
9386 7947
4317 8901
25018 3702
45608 24636
11731 22868
42330 48882
56142 43456
59606 18611
64284 25044
1016 10667
9298 9925
46237 21421
65289 36778
45635 17660
58721 52314
63465 33342
58586 29039
5744 47794
18171 37849
49235 64160
21065 52671
4624 23021
6981 16973
27976 52175
6810 37826
49653 27752
5137 13681
50253 46965
51016 49689
23168 43909
39126 53412
53993 4576
522 15673
21711 24479
3673 19539
45441 34836
52845 42124
21600 61441
38559 22018
40427 51465
39508 52534
35387 30712
61356 50795
8383 45441
37107 56890
55869 8696
62766 59059
28961 52458
64788 61927
44615 33350
40841 44058
25225 15615
15342 19391
33277 5854
35111 25117
29176 54256
33600 20327
37784 28693
758 60803
35060 61064
24903 2840
54812 37999
51811 27011
62270 64389
8455 52979
44431 6308
4522 13819
4699 50491
4257 13210
65133 43072
46685 25560
26304 42057
63125 13050
1297 46171
9469 11283
26420 19878
13814 19092
44269 55862
51051 64790
20408 6593
26905 25932
48 1539
42231 18255
37115 61159
44461 30077
56038 9750
49179 24174
51055 42710
58593 19918
34450 10038
7653 22405
36233 14301
20587 36284
26901 54431
16615 56548
551 28432
1562 26680
20151 44066
56087 22600
178 46948
27426 63302
58675 55748
18769 36116
30760 16689
17797 35203
38081 6216
55853 6247
53972 18592
5793 52786
61027 1421
41679 51785
3812 48738
39171 29330
36018 63607
49250 16693
39290 64659
28841 19366
61540 21927
30334 9367
59398 47484
27316 34118
5978 21742
10119 36690
53875 16809
42999 6783
42281 34311
50918 48814
65202 59652
47561 23147
6063 5971
36522 13753
23905 31652
