43364 26175
18297 19971
64140 28970
37574 42090
10470 64882
1601 54408
16067 35924
50027 14989
53554 32238
22547 55644
41957 62293
53495 3738
8238 40424
13904 45882
18927 8303
24095 1784
24552 21925
57728 44726
30477 13828
24131 26552
16635 23920
54862 26948
18495 35107
16471 24611
57417 65410
16407 57265
48986 45150
5338 31209
3168 5420
29232 11378
32956 44716
45242 15612
59518 28607
22579 22546
17153 40631
44604 46513
30667 57442
50650 30092
64040 64931
11967 57117
40027 10297
35856 56161
38647 53443
49578 51400
18563 31490
5264 59679
49150 43243
51769 57109
7015 19519
10561 53680
24897 42783
16249 60163
50182 6041
13906 15194
20334 47885
43780 61445
45767 25791
45346 15484
27501 15834
6983 24925
12628 58832
30305 61991
10762 23678
37488 22941
4226 57830
32570 36975
20096 26097
48059 10498
65506 62368
36596 29564
24406 31645
44435 26269
40542 2316
22957 22793
43300 63888
17745 57659
35224 54224
63813 58668
23392 55282
20606 29923
9273 13846
26813 43549
13184 42211
13198 5459
20139 25806
43019 46432
14260 45468
58407 43418
27901 24700
25710 64145
25483 46459
31232 21387
7815 62387
33073 48340
33715 21974
2659 63474
7679 33626
12549 8531
37317 29462
17279 48879
9966 3421
50284 25445
2707 18886
22162 37027
59466 57321
19208 995
55254 42928
56790 31152
16187 5847
31125 2563
30120 5019
63033 61256
64806 59635
57809 37100
54917 23722
46140 56437
47874 5270
44989 58405
39614 40296
18740 12811
33264 26473
55157 9737
43266 18121
58875 48395
59189 62860
33978 2333
61128 43897
42710 28763
59310 40742
25133 32029
13477 29292
15114 61780
48071 49155
23388 18806
60309 5322
97 19277
42926 59183
26639 16007
54549 52139
21718 33691
40221 7265
15531 55947
37224 41945
32602 20547
18678 3964
23061 47175
48993 27549
43855 57403
19540 43428
47632 50157
8839 55569
56392 35703
46364 27357
38003 43249
20954 38151
49896 27532
45350 15853
60729 60462
12600 31576
51828 3405
25423 62301
7476 35388
7968 4556
57276 58795
57928 33514
43090 9669
63480 49634
34520 10783
42104 21111
59824 42274
59366 48448
55608 44333
4524 6726
37560 56524
8672 23086
39121 41265
48907 15179
60282 37687
40481 56450
51739 39168
8663 27443
21719 33382
1728 31726
41405 49523
41556 26430
49908 31367
915 16698
61291 5901
58503 35160
51186 20077
18010 48638
44646 47671
17590 41460
53303 60302
48908 61472
56924 43644
15081 31221
16892 23820
1738 29227
58081 9482
25190 11542
57662 59519
29981 42330
53598 29874
65407 33504
19848 63665
11038 7703
53715 23735
21711 24479
58196 4772
16049 11530
43958 57163
22804 4599
38839 35581
51557 53722
4543 62784
43394 38748
10067 840
30079 17655
26661 30387
50842 47830
14368 65406
38929 53341
22684 22086
61186 16292
8230 61313
56497 63760
54660 20033
56466 30556
63615 61232
10810 49965
45993 22410
56832 12009
8200 32386
64494 52785
6501 16752
40796 37631
57474 58784
48511 23192
41300 36906
51132 51520
15062 52878
32247 56344
36137 50311
9719 28335
42722 64310
49670 20813
2720 50410
24960 31759
18935 45488
47051 51769
17383 39221
39512 42531
21184 43739
33372 64288
6922 46677
35317 61429
2957 60179
43756 607
35595 37256
24368 63160
11722 31159
8800 50854
17411 20660
24373 2446
8834 65153
52046 64850
59156 28633
15159 46154
29430 52609
33868 27683
20529 61152
47017 10223
244 7067
215 9379
47995 17527
63149 53486
50015 26927
22055 7086
12021 24175
13974 35866
57391 8791
40918 54849
59041 11936
41067 28549
1577 43825
46557 42477
60175 13406
36622 24979
49350 349
22154 706
17571 57471
1660 21872
39157 3944
18069 53958
1582 46210
50411 2825
19661 1537
37813 32547
10202 13054
28177 13773
32667 36273
39249 30251
49316 42943
10594 38538
8829 18417
56043 5435
20437 58063
26570 53505
13110 36458
29316 20095
57947 47266
9855 18340
59508 9926
22943 8082
18166 29742
31325 7659
38862 14284
56803 26354
25256 49490
31240 28779
1386 35822
65300 18996
64347 26251
61666 7023
8873 40121
47414 31121
25678 33272
42540 26328
57453 3225
1753 29512
48656 8626
6984 42800
52390 39404
25296 3205
18049 31204
54641 63457
1481 36232
48109 58632
25366 39527
59384 14416
40363 659
37155 53085
18956 45270
22200 43933
40227 6640
54038 36530
38082 50215
47839 50533
7071 13847
51898 64282
64108 11564
61166 55044
47203 18007
19642 24500
11375 2753
6764 12034
28310 17897
37608 6892
65046 17820
55607 21658
29035 57744
32569 41051
3218 61489
42490 21844
53312 29459
21611 18178
38822 45081
31 43045
4928 51882
61628 13439
56384 25304
21827 32790
35216 18463
28875 48848
57804 1794
15244 8077
44788 33501
17885 65068
28812 59873
9904 898
18586 52219
34007 37340
61980 50844
16241 8659
29715 31078
43223 17411
21332 5929
62624 25342
42531 9621
15722 39127
23836 49501
58822 22781
61458 62208
45725 41421
46947 54906
9792 65469
45908 63824
51740 15389
30185 54277
28515 32262
23033 51480
23598 17073
3189 7554
38771 62729
28460 52349
40493 55785
32222 1624
33614 41240
9485 49310
15588 53590
1255 53733
26431 43068
40336 8613
25553 31949
12443 35556
35299 12287
37390 2583
6738 37200
2707 18886
38010 20636
7809 57526
44515 8498
42777 29338
60538 61323
38743 30283
12219 34166
24531 32108
6824 48426
51419 12707
53263 47894
51711 30547
14726 31414
42765 26161
53125 4136
21593 38794
27049 24378
8875 6857
41376 31863
10888 3641
63286 3953
54063 48063
46196 58390
15889 616
49694 10067
38111 24327
13737 35529
42554 33936
9465 3107
46895 25620
27401 17370
6504 29077
59752 7913
31094 62491
64419 22100
12871 2427
11298 40416
64418 32771
8687 56818
9276 48669
24167 62962
6986 9053
58499 63673
36396 26589
35447 17280
28706 64652
62055 27392
42993 26413
21238 27231
35885 33966
22693 51136
42855 33379
55934 3130
20777 26482
25698 40952
60929 17824
31583 11053
28234 55799
27444 40643
27642 9812
35684 38918
44773 34864
59644 2781
35654 43588
24467 14523
50260 41974
43430 61345
58915 5714
51858 57824
62094 4124
17030 60356
4646 38274
52480 39993
30815 24586
23084 7137
4017 46145
32666 61587
11651 21816
55194 62436
29891 16995
18917 43837
65181 59399
27725 25391
60919 22049
64480 20912
54544 52678
62579 31070
6849 23207
52508 38223
12606 40944
24188 35351
14791 37908
33320 56529
53570 57725
3072 45855
1446 59164
59396 1653
19121 28187
25185 21376
52658 20005
36086 45074
34225 17882
61846 33138
47322 5610
61056 12353
5146 36314
18434 17687
34502 40360
51571 699
13387 33063
27982 14894
46999 16101
12675 50173
43684 64649
32332 63829
55714 35447
1632 36580
21498 39210
26113 64152
2825 41851
60350 55731
46866 8938
16743 15404
26508 57983
59222 42814
8621 51013
7645 18309
30177 3292
44439 43541
8864 51884
41699 63432
19231 17086
21835 47593
61780 65457
15021 35346
47517 55624
21535 25491
2810 28593
58121 54802
49521 56084
49355 50903
3157 6023
23924 59606
40050 54397
50258 35718
56854 21443
50321 6310
37228 57718
49910 12080
59394 58280
9548 54984
36403 51696
2331 15924
11251 53387
44531 48559
4714 24501
53630 15200
42069 37393
40602 50008
25085 64753
22044 10896
6717 37117
37097 34869
13652 39
43644 5607
42134 7950
3638 64629
31374 11787
3810 7839
32125 10884
2801 30715
51324 9675
12296 8928
57982 26743
36880 1897
8839 55569
41098 44791
35240 60931
35901 19963
54388 56707
15041 34494
58654 22816
31203 407
29618 60123
56180 35797
11772 55776
45228 27677
6895 56106
47215 53421
46573 5604
15183 17821
45520 13443
48969 39568
40496 28257
14754 35713
56045 50000
22203 7626
22011 46876
34196 10438
23540 8341
53037 60112
26650 31571
5623 57395
9172 12015
19024 23831
47510 42914
33939 64352
22857 22655
23087 6509
6359 55884
14089 62580
24118 60007
25014 20910
6244 57298
36755 33641
49093 34465
63310 22361
43942 48205
4069 60363
12224 1162
44696 37515
39399 31844
36317 4837
65100 13743
16572 11234
18621 58044
65056 37731
57587 21435
64024 38045
54297 55991
36235 44983
14165 25005
1174 2597
23220 53896
29769 61176
63774 11864
43070 46093
24401 30678
12331 61325
30676 24908
49515 15832
8766 9336
20624 46873
14073 29660
65441 61695
27632 9723
31323 20081
20197 35212
18493 30940
18062 33929
9133 58786
3332 30934
57046 26072
46960 664
47405 56011
42003 58746
19585 37392
50711 16105
64072 64930
7726 15458
31507 60986
46901 44194
2445 60107
12412 5870
27809 43571
47287 52387
14070 32685
39663 44626
50664 90
61274 38278
27675 34383
4311 35953
18055 11735
58548 26622
42547 13717
24007 37587
40597 51336
36612 56164
51839 49466
50642 30060
14426 1633
4348 26119
39765 53464
38548 50928
27945 63938
9470 27561
16212 4191
1129 17407
2146 40286
33802 42031
59759 6114
52674 31223
50665 20555
28700 23916
13078 5967
22833 63087
22007 27732
16619 1809
9740 51971
47448 36937
31413 32564
37755 22323
30882 14767
16191 38404
9449 21134
46462 5346
63133 6781
11802 30914
9376 6337
23839 41986
29697 13451
47929 9437
12238 2511
28283 33239
40414 52159
1305 54614
30117 50163
35436 56588
63378 60198
41886 38711
10623 8596
13365 21328
60113 39723
34885 40186
7000 8295
24483 36101
42860 54378
49687 52275
57574 18658
32978 44227
36885 43600
65362 27514
54176 32533
47294 41613
42195 25721
27089 64799
64674 172
62454 31850
52507 39887
62335 177
15084 62012
19812 11285
42270 47285
61312 64951
9537 52930
39504 37464
23307 22651
60125 12368
5492 49006
60512 5900
8229 37856
61293 2270
37920 24219
62581 52965
34441 33577
51540 54240
9776 11460
33410 30288
15711 36150
41433 45658
14870 52772
51493 53706
61744 39648
45199 29764
49872 6081
42842 26221
58693 27881
48895 29789
7999 5070
43913 44967
43948 56509
5604 44180
44997 53065
5583 25699
11024 3593
8059 48750
49051 63312
60237 9931
29510 28194
3145 46665
9338 24408
956 64300
39369 39124
47112 14069
2087 13971
38924 19059
15804 44411
52978 29208
9190 54964
50605 53732
50851 55299
22568 16291
3746 12139
60187 19942
27999 50496
4981 54858
46375 27212
16779 53129
54501 9045
34041 36464
57899 6050
17799 8403
31661 59008
46102 33389
8239 61274
23920 6671
59419 43797
31990 15822
63257 51538
49972 38174
29436 3683
58546 9506
53955 53670
21228 4426
62666 27122
31651 35670
5727 42723
11956 35183
5867 55078
8147 41927
15042 53531
52921 54283
64959 12443
50108 10295
50420 15424
28630 32418
43668 56780
33618 50413
45619 30636
21680 53654
1816 2903
53782 9590
30281 29859
35605 37151
12530 22537
19772 53441
20459 60516
24037 1635
34452 9501
17494 47710
63736 52788
36025 25974
50099 36497
9453 6335
12527 20559
33302 62570
14917 4349
17249 638
43688 546
32128 50465
61592 3743
3129 13586
65050 26523
12687 775
47900 25621
35621 64573
6840 493
9827 57766
55697 51923
1973 55028
49892 19633
20253 50672
48801 34591
54158 52328
45323 36082
45483 15195
65517 54440
1974 56130
23099 16344
28419 59461
16886 28463
65115 62169
64225 14800
33074 7392
51000 11148
7143 44378
2132 43394
40884 45304
21130 60684
28675 3924
27063 56064
53273 41915
1470 46749
37166 23751
48330 32892
36273 56354
44449 21363
45885 13762
28186 34571
34409 14431
21079 37121
50993 716
56366 64517
7709 1372
63018 48360
32779 40372
17088 411
60325 36240
62254 39813
53241 22071
15535 27214
5393 52239
24917 12788
25561 37556
43144 39380
29026 36081
2034 46495
3580 62925
20633 16386
19708 47736
56476 16874
13056 51040
14060 54999
50821 16424
8363 16706
23249 37002
8596 41731
13328 37506
27547 44357
52469 53289
41357 47315
14933 6134
15092 24703
50223 62311
50905 37633
15352 10164
11901 41563
3544 19838
62342 26773
32421 46640
5265 11610
36236 53171
54180 40967
39507 7962
44172 46449
38725 2073
42480 40970
41287 5750
10000 21057
34019 8454
61124 28568
733 47528
1858 4409
23404 18334
40067 27818
64231 64403
64993 57364
12063 64340
31010 30066
63040 37446
63665 4419
34998 48454
30056 44189
23371 34008
14837 37362
11943 41506
30647 57484
31363 12278
34900 5699
2613 40257
26911 46457
5702 49464
1878 13308
13505 16501
25960 20567
20736 1045
49723 38162
29402 24252
18375 25253
49430 24751
37227 5672
56243 26497
31480 32923
24615 53926
17959 28397
27795 26663
15770 24844
46110 9029
21768 6241
5035 164
14164 42309
1365 43406
65514 2883
15206 54131
3541 15111
38628 56947
53987 4602
39326 714
13965 63201
37193 45743
52909 20090
55007 17448
49108 48075
27424 29615
26859 1943
15728 6108
48094 1381
846 25507
29295 5954
54736 10440
35772 57278
49023 49138
57804 1794
39232 27489
41904 21093
2918 18623
35161 58871
56149 8032
28934 22667
15167 21715
41061 63524
42794 13000
40788 13232
50470 49392
45720 24886
2908 27483
265 36642
43167 33383
52094 52644
19208 995
11099 9285
24366 4644
604 50965
23873 42952
15637 56233
7450 47337
34924 60631
28714 40181
51700 30794
16779 53129
41114 33361
51837 50923
57659 65491
27068 48406
44613 3456
47112 14069
36542 57961
31719 4549
39530 32643
56623 48114
36072 50998
61141 17014
37035 17085
6463 63404
30970 1206
18201 60023
48611 40801
38787 65449
11444 25408
2404 24536
5342 58268
61675 45319
17172 14544
473 25258
4757 4299
23290 50415
49820 13486
28126 20797
2465 56296
35541 32495
32898 46012
50372 50503
37647 68
8130 49517
34400 48950
15373 33491
1696 25651
56282 25991
60807 45573
20058 58802
37415 44955
17077 29372
3401 63122
10437 436
59823 42590
24468 27350
55380 26708
61940 55763
27942 33433
33843 11931
50904 49583
5839 27448
30597 15526
38765 27903
28000 47604
55795 60662
2212 41518
39122 43557
20217 27043
59918 62819
13802 22256
1565 56461
50554 29477
61758 15581
13058 204
38399 31041
13431 49793
16383 33360
40353 64863
65080 10387
56762 58153
50115 60816
31893 64003
39908 19753
43244 62467
33816 55012
59887 5684
19002 30648
60901 2650
36451 32443
39173 2003
26755 47429
44227 3134
17288 62394
6711 58324
10587 51365
3566 10135
511 59260
35845 2759
47420 709
17114 33644
17580 54914
38589 47766
5294 53337
1637 43188
10600 50325
11365 21424
13583 8617
23174 63790
40816 37074
2998 43275
53110 1594
45840 53108
18745 37465
25967 5864
18547 9042
32908 55546
13796 10148
35134 34550
39097 60732
35290 34031
63201 48821
7101 61899
59131 48860
29858 56519
62816 41162
46147 12791
63735 49454
33281 17274
24725 27229
8221 58373
56920 16929
42578 33473
37474 8426
48424 34049
1661 16496
63471 55091
51485 11121
9580 61384
13215 21854
34045 32491
14532 64765
24117 60322
31423 37604
32687 4089
12174 38106
8713 38351
54874 37724
53213 15171
56541 27423
57126 13103
53039 47103
30944 64189
33228 24220
50048 12884
35910 47755
4538 22825
52843 64722
27008 4026
61534 11657
48544 28542
2327 37821
6668 4211
44671 20979
16088 47945
22067 54702
17903 10322
31642 36947
16388 25430
33825 15205
32839 17889
46934 39481
25758 1387
9174 38713
65273 30927
24062 37878
61786 11900
4635 52994
31803 29200
49183 44610
49376 20619
20626 18641
14794 7533
57909 1305
63755 27166
30340 34742
52881 29972
28588 17717
50872 40627
26691 18419
31381 63148
12382 30231
2185 1781
42916 6264
32360 19697
24347 44310
6532 65194
5130 5244
52481 60271
17006 46082
62800 41237
46752 27494
21746 11721
35585 6423
1037 6664
55422 38983
18192 59992
2554 10588
57777 43292
11726 40277
51101 16065
58941 55502
63606 310
39838 39206
58059 32242
53627 36112
42202 26020
7551 10862
15147 59015
10093 3488
41425 64784
32470 26596
54467 42433
44285 35416
25199 28694
32751 58098
65220 49307
5625 1310
37741 18647
62623 54629
49026 3579
26324 46642
30596 27908
55024 112
20681 64009
29593 36266
34758 49009
65457 50030
20861 57430
3165 53372
59821 52831
26063 53641
42047 1433
51448 943
47213 19707
4040 21085
35207 10375
59511 1424
15894 47752
35204 15540
46910 53575
47404 62738
3850 25338
34817 24783
10939 54211
6559 40341
534 55512
2270 43137
31580 19751
38286 20621
16178 29152
215 9379
64998 59139
17094 58059
22434 5535
36496 56160
55440 62608
22114 20808
24697 60025
31155 24992
11424 24394
58971 18394
29526 33629
21451 51047
48618 8922
53736 30219
8156 27298
26407 37795
40713 31592
51969 3616
27229 16796
38330 2287
40600 41864
61748 50711
24258 10987
52741 28090
46940 21937
2407 49954
53702 63196
19333 35757
4799 63244
50640 39737
27414 62364
19654 25
15704 47018
6163 45294
49155 24893
7235 25897
1725 13702
8398 6776
35148 3269
32897 4883
6308 50735
4992 29806
28772 10982
3977 2891
6118 347
25502 65300
19629 53154
38934 45415
21571 27075
13044 52418
7863 55580
52718 40913
63818 46578
48800 11453
57379 14178
7930 55157
42183 44698
9075 26866
49463 16684
3478 12505
32733 62414
8831 19097
3815 3670
23102 58569
28189 560
24201 58857
53037 60112
52658 20005
46521 34875
2054 33465
52433 2590
16673 23791
57925 65420
27404 44021
63744 55067
15756 51830
45432 28736
30065 65519
33991 21944
43377 18811
25978 48889
58274 40704
40962 25178
1032 56865
36710 29643
3503 62790
62099 50885
61841 33659
26848 11075
31854 22948
8859 31859
49141 16395
43285 46247
52233 35127
1733 43490
44416 6668
39455 53501
6788 16225
28281 58706
20582 13311
40523 12885
36905 6399
11861 620
20563 2809
44926 47221
41884 24166
44043 48852
26878 29693
54165 20994
34278 19998
42564 50427
27056 24598
8641 54142
9786 27840
60876 40158
57244 20368
23181 34585
20393 29570
44803 25515
43214 3907
23133 7145
25198 42475
22945 49815
58440 55101
53929 19060
4805 53467
60468 25294
29078 2093
56696 47700
55613 16890
50529 56335
1128 24061
57663 30767
42456 10478
17227 30292
24696 64276
64550 33608
22352 6865
57688 54417
17559 4898
37095 19637
13877 62880
18214 27949
33099 59680
34106 34364
26301 22602
43353 34442
5162 47469
20198 55268
19364 18871
25520 21586
20960 13783
38627 49319
21741 37837
61734 36243
61095 34473
41931 30644
20891 49040
58290 62866
55003 35284
57124 61008
22404 27843
45968 12465
17344 17865
61643 24179
38496 25128
28635 48659
33872 11304
27250 28882
43845 14366
5158 17391
5797 27572
12131 24797
15128 25111
10411 61134
10341 49191
45564 10675
7452 59513
11838 28118
28503 52308
4521 14850
15028 5760
1293 7062
51723 35099
44785 42002
59472 40118
25938 12413
13862 33557
44143 44612
50920 1641
35527 3734
51046 52693
6659 6819
29875 17583
35918 11967
18680 43211
48371 48639
63727 2023
6633 40953
11757 30490
39855 10365
10273 29047
20973 32680
23533 13952
12921 31826
34460 19479
42243 9353
63415 38502
11997 42237
9564 19583
60583 58188
48304 64922
18294 65234
58889 37815
47939 50832
48239 34289
63457 34415
635 20495
11281 46809
58563 61808
51686 24999
23430 58973
43410 17705
27007 54047
59710 4051
44992 11572
38797 62116
44240 45320
25567 8551
47504 54159
6894 49507
13902 61112
28342 62696
60832 58202
51528 11919
39690 39907
63936 44507
32438 12843
6220 62336
14857 30773
55473 13193
2421 29501
21955 55890
17839 64928
29762 33070
40267 25615
61359 14874
26467 27105
59985 32336
53633 41700
47294 41613
234 49947
47056 45491
32658 38166
41986 41007
20080 25506
14087 31758
47312 30405
14750 21915
27387 52743
45755 63553
43889 41659
54584 17602
2681 25765
29469 27551
18952 56592
60598 59580
25785 63029
28839 42424
38896 12396
29481 18284
1925 43586
62537 4619
26299 58936
8385 19955
17087 51010
62905 7987
2640 50543
30623 57867
34884 35050
24341 51335
42815 29329
34674 38335
53994 480
24008 51715
6064 46311
259 31992
39688 57588
5356 27765
5527 35992
42564 50427
11971 13075
57005 16902
59150 31716
27889 57417
30944 64189
25350 55125
32388 44776
31094 62491
7596 4634
21141 37553
44508 31036
23497 65290
45919 62298
32716 59595
48759 55990
11527 32465
44078 51185
18312 2849
37471 38555
27828 41959
28215 62654
21513 19658
33005 25305
16270 55029
11745 41348
4454 34307
53351 19246
55411 26822
55130 10188
14784 43255
56453 38820
23594 56499
12850 32224
58357 40439
53414 8412
12355 59091
5355 55851
26326 15366
12165 38612
20558 42223
7150 43818
59782 64099
9665 7064
62902 61244
58562 8672
14998 18518
35344 42915
27701 54344
40693 54970
54268 54559
44720 8155
39256 30147
27528 35244
51121 44101
26942 59308
25331 18955
322 32760
40951 57539
51284 10056
19331 49235
19575 46637
41719 43002
41667 38860
23386 53906
24917 12788
4500 5736
61987 50057
17477 3725
24828 55817
53520 14170
27764 43698
62276 3175
44551 16982
10869 52823
48254 7140
43463 31129
16894 33298
61594 40722
55325 1728
40697 49844
48216 20553
28685 45322
6840 493
8067 29121
50702 58161
46352 28268
26527 48533
12257 13437
53146 35542
31435 55691
23270 27005
15489 60642
35006 37819
29444 5336
25712 32492
31583 11053
9844 36547
48174 48878
50531 20069
25207 58450
53570 57725
46582 55604
49544 29558
62373 51892
4031 13946
31097 17580
59724 17914
17941 61052
48620 63594
56626 3484
4242 35510
42656 48970
47992 17822
24754 11399
10927 56109
27683 2484
46584 21304
21451 51047
64337 34403
34774 28786
30879 36443
58545 11154
32092 757
7559 25723
64951 9528
52380 64496
28788 36570
15971 29502
5821 11692
7664 51089
9889 64120
58880 5661
47729 54384
13296 18711
22973 21754
35426 55797
58186 40749
38240 23165
37392 51105
37260 51450
58867 25653
41816 14561
40406 58921
6717 37117
49260 12062
54077 24282
37427 17458
3434 14971
21052 59957
7504 47407
60930 36038
65099 3023
36139 25656
64177 37632
35358 51156
7144 22461
11198 52805
38469 13881
15576 47946
21897 64169
49348 30303
17766 60801
64398 24800
46603 28586
24690 15251
1961 13498
976 39034
33229 58308
61303 45989
43430 61345
31102 23463
31970 34418
50594 45401
31399 18037
59520 65466
61458 62208
4193 10613
49575 14358
54738 35638
56659 45948
33591 49605
59458 44280
52351 58348
38387 9021
22604 208
12060 17861
10658 15539
50836 29765
9033 14870
64372 19327
4231 36750
20233 20430
54108 7354
60668 39727
38314 37925
26352 34901
15743 50596
55720 5693
11661 22862
38544 1242
61050 32927
4937 55420
46303 59757
52597 9418
56598 33469
65251 43286
21659 26411
11111 25160
6915 14046
23109 50675
40322 7872
64235 36715
41100 50915
26448 20853
9864 55946
39228 54123
35348 39037
13113 15889
13758 29498
57361 39669
52866 9615
46088 54942
52543 38099
12639 58469
64555 15285
28546 31999
24374 31042
62545 34131
26283 6431
22238 14273
39754 41416
56579 41305
31081 32508
10342 3658
50703 38692
20918 18786
29968 20701
35708 6846
64761 43402
20671 64166
31812 47912
40284 42027
6239 56921
47731 51654
6092 1805
11996 5777
18899 63186
9644 4121
60565 36535
19254 30685
43779 25226
47790 39681
18805 35751
37404 29378
19375 17726
35913 3093
55005 16442
50038 55018
40506 28473
25455 36973
19596 59567
12493 10070
1449 35338
21192 29243
41516 45008
54963 18481
51856 61485
56932 38001
62793 36666
3513 13810
15980 25525
23676 47702
63066 44168
46117 20847
41875 26098
15748 46421
56434 54985
35006 37819
10717 20010
29338 534
28297 36850
47923 59649
32205 18751
63517 11608
54528 63865
13289 51682
3092 19015
17104 62829
37495 41885
63852 3693
36232 43059
28253 64923
34312 20666
30167 57116
21071 53303
64964 46581
16117 5941
36510 26112
26737 57974
59228 44863
31143 55928
48321 54479
22023 37732
42800 1389
62674 8490
58273 59661
26234 45737
14625 64854
14596 63347
6078 2104
38980 47327
21826 12573
4821 46354
18359 44236
29134 19540
33753 21434
60663 38578
623 21881
26956 7548
65474 52317
22755 55194
52497 22508
56328 18891
19606 23257
20188 6511
15799 5776
16141 53395
22293 11758
47353 50512
36313 8396
40267 25615
54112 16572
58454 12441
6694 54971
46335 19794
44420 6265
59761 16034
2252 50190
10695 45693
8890 1102
15061 58621
7993 57669
4076 64294
16052 14681
63621 4335
1340 50835
56797 61620
51687 62319
23622 31040
40202 25594
39433 44344
21910 11519
13572 10657
28476 61283
27374 51024
51993 65293
25482 4752
13782 59028
2423 52922
29679 44798
23865 30716
55172 27473
27129 53077
22838 64613
54142 3855
56113 53126
25078 56228
39462 6136
18411 48608
26199 23645
45999 64586
57986 65158
3805 37805
17202 43084
42181 52958
64441 24331
29374 62011
41886 38711
41801 34874
28405 11505
12579 20833
10796 54570
60613 31668
23064 6240
40762 39215
19430 57601
37347 52391
46530 36495
25368 77
24259 10108
32970 17780
53989 3568
33421 14070
8180 10116
63561 20542
51206 57856
5578 42689
53676 40342
26260 41000
34872 41259
14446 16193
18490 46892
20886 61975
7585 28847
61836 14840
53376 64089
11402 37972
45329 23701
7598 58682
41962 9260
6794 45996
33215 7478
35519 41184
19144 48752
19750 13345
36697 32690
3180 22716
3936 46350
39702 21188
60555 56935
65313 13227
29072 23283
60184 18728
38593 7493
34433 40600
15211 56905
11565 32374
57306 38432
9399 54270
35543 16823
21412 44521
28544 48359
34445 13284
3771 175
56897 40420
53050 29132
2147 18720
31463 29126
45845 50783
34894 14667
17718 32493
36871 17286
21408 36693
30334 9367
25128 50075
17301 39748
61000 56972
51116 22593
2190 61131
38415 44690
58898 50656
28814 21047
65299 10227
34285 10460
48086 11757
14773 49323
19762 44171
37562 3327
63402 31243
15415 50384
3331 31247
59114 5183
28555 45302
153 49352
46539 3489
16222 58870
13903 27800
28064 48092
62903 946
31549 56158
49957 39203
24528 46795
13663 1839
6046 23404
52856 53542
31917 16256
19090 40494
10211 57950
25048 28382
25507 59291
26692 10895
30904 32861
62972 10163
36485 16389
47761 12774
59341 54909
51843 51482
34904 48118
21270 60932
533 36238
34400 48950
27282 36638
65196 11267
21326 9297
6115 2542
19771 61625
19803 13706
38729 64909
1560 1118
29295 5954
52332 2353
19092 42861
28497 47711
64156 32906
58080 18431
59057 11165
21806 53183
57971 3635
34921 60455
56655 39895
60874 3118
25699 25589
39226 9583
60475 56162
60592 6678
42265 58291
63104 25336
40484 48217
43417 16870
42306 37951
60334 34684
46663 52933
55388 19911
37528 5398
47009 40519
62146 47872
16350 48856
48747 22286
50688 36794
60359 56806
55096 31602
24985 33384
49665 41391
51331 53466
5850 45346
43438 47567
27173 3046
50143 3004
11737 6626
36610 44696
12823 12942
15174 57262
9103 21998
62177 20900
2987 26635
7814 14408
264 35108
22691 46166
59639 1511
42343 15310
25824 29817
1853 3589
34140 34646
14010 27280
18466 23077
32265 31029
26766 59940
52956 17010
40245 748
13474 47329
16936 23269
23632 46370
34631 44193
39236 35395
42609 30507
46561 43036
5301 21332
12356 32279
32680 17742
62887 15489
25480 45724
7489 43612
48486 26271
31524 44412
19766 20665
44671 20979
26744 48482
12129 45519
39159 58229
38125 7036
26080 29665
11983 33559
51947 34583
56514 35644
44029 34280
55885 32053
55471 1011
59945 24613
47724 12909
22350 36334
58933 13850
30939 58679
24796 34171
10186 16045
19143 31671
46436 24453
64691 38614
64652 38460
27995 31891
49134 60795
39359 22176
15799 5776
65301 5236
16584 25029
43618 50463
56301 45912
3804 56008
29531 5922
12081 43720
40882 60647
56789 27998
2822 50549
14641 31928
13527 1057
28044 65401
41768 17729
10649 25557
25057 24607
46204 26536
16748 12323
8647 64362
33192 63979
45936 39639
28904 44110
40308 8676
12132 16063
61213 54357
42297 28775
50914 41123
34735 23106
40013 34581
24219 23161
59533 22200
45367 29953
25598 39604
2755 45775
11972 34915
35497 4228
20868 31530
5141 54879
54621 6242
36964 36061
29173 30299
22271 57181
11010 35458
64761 43402
36478 26002
57653 4826
7386 26138
15080 30205
50516 55940
18594 29630
18301 57752
5559 44120
23778 45366
5237 13970
42790 22482
28737 50665
9213 10113
26848 11075
19231 17086
64858 9740
40114 13608
8684 51011
32837 23270
20059 25310
10955 56527
17639 31030
155 33538
31537 11133
29797 4366
10694 42443
38473 44456
20238 38291
1165 30025
30945 39461
32772 21935
34263 19579
30426 10271
2273 35263
50274 33854
51432 62730
9313 41965
615 49345
33953 2879
19626 61237
58481 61044
12638 6775
25817 59995
29604 7552
25307 60517
43833 42350
58809 1842
53010 37006
16558 39819
51661 1255
13910 61388
22500 12735
7877 41109
11141 62090
43465 28972
5753 64451
64053 13083
42177 56062
4776 45129
29935 60759
60759 1425
27670 20791
55914 33808
13403 57133
39076 15668
4731 15467
3360 40066
18016 46195
12010 2116
63331 41655
6113 45116
30986 28371
57254 47307
24622 45370
11634 4738
3302 60867
49679 18762
3936 46350
7610 21337
5730 1325
10414 3662
37681 52069
2213 59905
30542 2468
12783 20018
63957 14837
42780 48444
55522 32551
10624 21675
14430 60159
53146 35542
50695 27587
28891 46865
58953 15898
32190 31185
57634 27180
1233 9498
43459 51500
38020 54102
51361 40500
40802 61960
10972 54547
42940 62115
23795 33868
17496 28391
8545 64328
22137 16060
30997 38463
12201 2885
24408 4692
64650 32017
41950 32232
40155 37478
19000 49436
53013 4439
58036 44046
41770 51241
57003 17970
23527 17571
44312 64814
22002 27885
45615 62139
41716 22532
20769 62751
25077 8697
28879 51483
58450 40068
2158 43499
3258 64412
23269 25957
9452 43396
24839 4313
8776 28214
30641 62748
18357 11340
52117 52184
61747 53021
4244 13334
61916 38924
49211 23913
9846 10007
45174 9255
7190 41903
29086 8556
50288 38034
47271 1157
17471 51026
60461 46949
1871 24046
5796 7908
16648 55438
42224 44026
36676 34647
56601 63546
42873 29850
42728 63710
52306 50231
44046 52484
50783 54371
31311 8894
35742 35391
38149 342
6172 16435
27375 7741
20549 42231
34540 53483
54802 30349
12608 27491
38721 34065
50215 61332
25636 14059
52933 2232
2727 16356
10741 62849
58051 22780
23445 31079
13521 41359
3901 57842
42126 43487
30512 12984
21934 9942
9765 27941
11352 9279
33279 49546
5930 5460
24861 49223
55089 56692
47085 46548
30747 17223
56224 26630
20542 35626
39790 53478
4425 22096
33056 49956
37593 8942
15212 36204
44326 38786
48909 46011
29438 15694
40693 54970
49333 63788
25064 45463
22247 9623
40221 7265
36283 51272
63681 5384
29220 5932
11118 3695
43451 371
30876 19102
11462 33213
11470 2348
45827 13986
8913 17562
52569 12195
63453 48859
37147 45559
50973 44114
1605 5470
13795 11640
17873 31483
53669 35890
58997 15739
58717 5479
11482 14144
34755 47551
12374 53545
43196 43982
50564 5764
46958 4164
65454 7943
54869 53071
18538 33468
29820 40271
3683 56565
40683 63564
6929 62609
2112 11941
57442 40085
61223 23869
38890 61532
16489 45764
54852 42168
58821 22220
4925 60240
47490 57845
28349 11117
16367 56125
61163 23826
40732 9322
53720 35611
43324 16985
52504 37589
63293 48576
158 39951
4160 8274
55379 13301
17871 25328
46486 6561
21228 4426
40048 37618
17263 9162
19747 25588
5021 31143
13462 49132
29397 22076
23112 1285
39511 33141
64180 919
15837 31661
36913 56532
30114 29572
9423 54555
47852 63560
4331 24258
9995 62618
24415 11633
56380 28716
48263 62131
29556 10288
2458 26681
27728 21475
60910 3387
17146 35576
65448 52798
3948 25955
47993 19781
2700 30061
15646 44602
7069 37248
41300 36906
45157 24393
16196 59782
32889 23864
23764 49945
50844 1052
58655 4784
48827 3057
11147 63574
9450 1529
6801 55215
1019 11430
61354 5095
52668 10048
65068 58263
22061 5246
1693 8329
53401 63112
35585 6423
30936 59985
12731 11763
60175 13406
39289 11041
18355 3934
27621 43924
52051 28491
10018 40744
15990 43657
15269 8925
697 44856
4339 21886
34328 13855
21193 38677
64986 10306
21900 60787
65345 46242
6443 5541
36401 44213
13524 51087
54171 7938
35374 16111
8484 4600
62310 11390
6411 4505
45520 13443
57795 35114
46287 30706
5880 29882
21158 51960
7916 8818
57525 43449
32188 25690
9811 37293
61064 64211
13874 32751
449 36140
34201 11596
27605 58541
59066 63981
24288 4406
5687 58175
30498 31457
8797 43101
13584 46499
32878 31142
13144 45817
64871 62558
15571 29252
45999 64586
21049 63880
40930 28894
15546 50680
27361 27270
1425 58007
61100 62369
17737 10335
41265 40385
31322 32878
57974 15790
18950 51909
63413 18134
40559 57913
15662 219
40420 7177
33291 44447
64051 11476
17992 50385
54691 16394
55653 14843
23036 9725
5081 15030
15288 19779
41209 17948
11025 23759
52920 49781
63828 32987
55956 43345
35676 34321
42957 1330
5616 36184
5506 16005
33074 7392
45896 10920
57358 58382
6244 57298
9178 51277
28728 44119
26882 15427
62761 8108
10198 24154
44447 36340
64459 22238
14447 50436
2854 22897
58290 62866
16589 58123
1617 19322
15344 47925
19474 58006
32621 15182
55968 57740
44902 39346
15408 58488
6820 6548
37250 52842
53416 43234
9303 42292
26066 62400
51344 32986
37086 11838
47949 42645
54661 22945
52219 49498
52125 50081
63883 50635
3570 33692
38327 46554
14737 34275
16373 40780
27039 5100
1957 53586
52678 36955
45587 44595
432 26610
16235 46798
31920 12763
49506 22812
18680 43211
30538 26847
37926 56678
40539 21599
45196 44525
153 49352
6335 18486
25048 28382
55672 55869
34460 19479
39215 38311
49616 64792
1346 353
25948 59050
41936 59135
6208 14390
38774 43737
6326 37680
3444 22512
43473 29079
48366 48567
56031 22427
30468 61076
10470 64882
2529 7605
61500 36040
19407 29876
34608 33907
28230 11647
2171 9287
27106 16123
14335 12638
59088 46000
41705 16591
5523 25334
49304 46630
1379 26067
42032 10753
4240 37796
34892 23878
60432 20057
15536 51284
23899 6105
7899 33802
53193 13985
41089 60285
6279 3072
53419 40961
45844 64846
2191 48951
57905 62828
48993 27549
27419 20066
18054 33778
64288 53009
42277 53920
22656 64185
2064 26972
57060 61012
3052 2458
34862 50720
62878 59951
29045 1334
14177 17480
42418 32210
23849 34825
58763 34640
34303 25239
39553 37942
1716 49967
22606 48091
6836 63054
9046 26867
3633 63856
8446 6660
62823 20605
54297 55991
55251 24717
40503 56404
6454 64690
46125 17833
51328 758
10695 45693
33134 4311
31074 57923
35885 33966
63196 50898
56978 43948
14236 45824
8791 43229
32950 23865
42252 36626
54844 57044
20708 14674
29751 4565
29099 6187
62889 47673
8833 34652
22181 21035
39212 18814
19808 34242
2350 33933
5367 42106
18253 34138
38469 13881
40443 53481
63482 20189
10527 45555
16985 63800
62786 61748
10812 5418
52301 12412
7913 16930
54093 58540
39076 15668
14087 31758
51545 55376
59343 12266
33206 34886
57154 60741
3946 47127
10524 31090
55893 31118
8537 56456
21068 32566
3796 58464
53535 6523
19808 34242
50695 27587
44478 43970
40701 12056
21725 40473
39152 1977
21416 44795
19387 28595
33978 2333
34426 63127
61390 42641
35574 63113
59426 47036
42893 60149
52786 9868
29395 8610
14940 57326
38489 34806
50365 44405
26441 5985
29230 1883
64673 15289
22215 61010
21671 12129
24646 8367
8369 32095
38160 36994
7726 15458
33813 29138
8465 34695
41059 18023
29018 33632
14505 17574
17306 49357
41233 39872
34355 62434
64186 61723
57384 24524
980 49576
7925 35571
39635 10469
50001 21456
56213 22866
8383 45441
15345 53582
4854 50626
33913 32929
56157 12307
30734 64761
44125 19116
46442 35921
54661 22945
62326 26453
65429 25247
61195 9635
47037 7393
53239 52099
47223 40373
46650 30290
37790 21995
23837 503
10196 25047
10550 33767
5833 38605
24163 14102
18054 33778
9305 11037
5928 22556
7007 27939
23788 51757
63484 1265
64866 10343
60885 5926
52007 58335
53795 7338
17763 27044
23651 30566
63071 55103
324 59338
59408 42715
49474 31893
16583 8227
26422 8241
57154 60741
64629 24143
23314 39208
34549 59830
56709 51795
1514 1091
39198 12981
13354 56683
30865 39396
59793 39313
48091 42395
9997 59365
21754 10820
2151 27454
48286 45598
24014 15430
23047 5082
30273 9667
52273 13774
1925 43586
36769 39361
40111 13548
9522 19274
60820 48505
37129 43107
2651 37206
1598 7885
3022 28171
45267 64596
31768 30306
25771 20234
64276 41679
60866 33695
41155 60002
11460 27713
14387 8689
10622 27179
64563 55165
28542 15590
40237 43301
61357 47450
29109 19037
17354 9391
11341 55600
36089 13593
8064 48741
52637 31054
25359 65
27515 62746
26461 25573
2750 28469
54369 24447
1666 31683
64002 58012
44431 6308
61307 33959
24420 53222
51447 50387
62976 64323
597 17131
3209 3099
34161 58269
52469 53289
2221 22851
32231 44255
29091 19576
54535 39320
48385 15988
30818 47681
26499 50363
54522 51034
57837 44182
29589 24825
31736 45211
26784 31278
58619 55071
4573 35948
38446 24946
35338 12423
27434 9620
20436 31739
60247 19719
40274 55245
4591 48461
49393 7896
34154 54618
23514 38448
4081 41547
43296 36760
16306 48912
54036 4519
57912 59420
28277 37122
23110 43408
9965 4166
15023 39796
60660 10167
20732 36713
26977 11974
40427 51465
65149 30523
27327 64589
14654 64754
21704 44551
47998 13326
60499 31248
62520 21654
9927 2058
17929 63544
37070 52579
34408 57796
21243 34799
54284 15359
25867 42879
1088 13293
2616 60960
19930 20316
44451 29868
21041 63840
33540 8532
51926 53563
28909 57177
61710 13485
62872 450
15452 1398
56383 27394
61652 29869
14751 11754
42287 64584
40463 39984
61970 5361
38981 25871
62942 57671
47395 56998
11502 62165
13001 17748
42028 5745
34880 9136
32717 54472
35251 38506
47472 15944
53680 30670
42347 64230
9116 8000
64101 50039
22703 2176
29719 19135
54008 48834
19750 13345
683 64095
18539 15576
19565 27723
32268 15689
50300 35191
8744 51302
10445 48214
46294 10269
57471 9271
63098 29676
61578 23760
25945 38874
11088 22682
5628 13918
28594 45903
50980 56497
62817 871
14137 65249
41312 24240
9930 1508
2573 39664
58350 361
60016 37742
11798 56446
58105 21876
53074 948
51787 64420
20771 6062
17527 48463
10600 50325
103 27406
13319 52955
37426 61836
20476 30072
25851 20721
32378 10426
2391 51683
19118 9239
39276 42384
46309 49571
15999 51177
9192 2889
18989 19294
36380 25837
64980 1650
58502 59918
21455 33371
21458 32637
11212 28165
40593 53533
60062 38303
55414 41728
30644 55321
38237 29098
53244 50462
14937 36501
45977 57912
53214 6594
1051 26468
55513 21158
47250 36516
53843 31404
14641 31928
40267 25615
56565 25236
23747 55545
51046 52693
8707 58056
38363 44574
23466 28481
32736 62903
60193 35262
44292 18763
3805 37805
9361 55825
24996 55667
37750 32748
19439 61706
63385 57903
56015 37260
14536 4319
14292 15015
35607 53540
45974 14103
52005 52931
8859 31859
12312 28302
49315 22263
64108 11564
61437 42918
31939 61792
38143 42851
6271 50980
57834 730
8091 52088
36872 58177
23590 48465
53840 51148
13062 59468
3442 27964
12655 57866
9214 32732
59917 40871
22613 52957
15623 43627
41056 38165
23557 29489
30611 14939
23666 31391
53402 38727
61096 19731
63004 12770
13244 42210
49290 50378
30648 58721
63524 45490
22113 37228
8678 2852
55474 61903
64907 38984
30591 25001
25351 7341
40938 65151
17141 19240
52743 48224
22410 56682
54803 30374
16407 57265
10117 39145
63727 2023
20122 41116
58465 14481
2943 59730
57331 48972
23444 9727
58386 62321
2967 46881
32924 7594
5605 11306
53020 28436
18089 58664
8657 60852
40079 27002
62003 21798
45182 2305
15162 25933
33399 62761
26561 52302
14682 54013
10799 5720
13732 1879
48527 51817
53130 60022
3439 62557
36887 17900
27994 48797
20912 39934
36309 31836
16116 37477
9945 34519
16686 50420
40066 43024
52214 44558
159 29897
52837 22761
2257 13470
53295 6632
64840 64895
25101 4785
11930 52880
39544 4340
14717 15185
59543 23371
55556 44505
47086 47556
47528 61528
36364 52593
54529 14558
7711 1300
21608 33949
14461 30101
15485 29225
61629 49565
36938 43701
64672 7216
46447 11803
12610 33060
45170 17796
10832 29061
9594 20705
26748 55977
63362 25245
9665 7064
65162 25101
20100 1455
58123 42654
50899 5129
12648 36339
40252 58987
34031 24296
23965 52321
58184 3677
14982 47960
28883 61793
51065 13673
34163 12487
39188 2638
53092 11571
16417 44112
2444 3275
17141 19240
24742 8457
14761 34365
16411 26925
25536 52493
38580 28920
9358 26094
32472 35933
43213 57921
50140 30653
38947 13917
20206 36402
51387 53191
57824 795
6004 53687
52019 37168
7709 1372
33546 52141
39211 37523
36461 31472
59049 39894
6370 47692
53568 8952
13909 27796
46798 8020
46508 3972
37177 46794
21806 53183
4586 26508
26444 23457
2952 44205
32030 58990
15314 41400
4024 64413
20891 49040
63157 17381
5143 18927
48617 58378
37023 16221
60891 26227
64888 31353
29614 59348
27100 59442
22397 48247
1825 36127
37208 4984
18769 36116
58080 18431
2851 55089
54766 13736
45478 11411
33071 9520
56198 40464
64668 12618
27399 44303
40218 19003
15916 3983
42944 27064
18657 23669
19647 57989
44978 1573
33776 17826
26164 45497
47067 38563
56977 11186
22621 1491
62931 5582
58348 4479
53072 11781
57204 62867
52808 51180
17049 11260
13750 30408
19518 47874
5755 35807
21964 59273
33801 32113
49541 13333
50292 29596
125 64093
49376 20619
45508 60685
52985 4704
47260 15017
2328 13360
39320 30163
16256 57093
8194 35635
10732 4637
38306 30418
19248 42200
58777 39083
9735 51189
64284 25044
29025 54066
32274 44994
27492 3631
27208 22268
12507 25983
51794 26061
31090 17869
60252 18291
36385 48268
30293 27286
31513 43066
34918 28791
36299 51980
25160 37873
16047 18969
20180 24467
32967 53707
44281 55126
59033 40350
21176 29937
20590 55685
13799 56662
46638 48093
50351 27806
39740 42287
41189 54359
17063 35543
60419 32996
37598 23154
3034 784
7118 16447
59867 58566
61013 55267
49749 54248
5577 21805
8529 63820
21405 58793
38973 25628
28279 62692
12454 54866
7407 60555
54748 34072
33334 38726
13272 33866
46163 27899
36949 46726
34221 25800
62536 2860
51003 9400
7216 1917
49673 43437
12966 32793
62804 55657
29293 7244
2943 59730
45382 30528
17422 34703
55363 12432
22377 23611
18540 24771
9887 42741
37931 22437
28386 18724
32974 48488
27491 27109
33600 20327
41771 17035
10281 34041
23604 24527
44810 50394
53933 23700
20370 24183
51021 52460
44788 33501
51032 25734
11442 15803
50248 50975
56768 15868
30435 37783
51497 29870
48519 60086
8542 15715
55344 38913
45849 28092
61345 55613
38865 43756
11420 19008
41726 19439
36996 55871
10682 1528
56815 44382
23697 46867
54730 65092
52741 28090
24365 13093
24991 50791
40796 37631
63263 10586
52533 63372
11504 860
36199 28457
55179 31684
34575 54874
57900 40098
34519 16759
63303 13980
31802 37567
6133 39164
7983 34080
23848 47783
11757 30490
10819 17943
27919 1682
3584 51167
34071 60609
64176 27013
55386 20537
15052 52890
24177 36222
28751 26651
50977 35404
51744 13236
22193 50253
40974 55260
5933 27695
34298 28739
34784 672
57295 46220
32396 51539
5518 55448
44082 31360
14587 45387
27539 40582
26503 59810
16482 48274
44938 47089
13466 55149
29620 61641
21774 49180
23249 37002
2875 17092
58915 5714
20384 1707
35820 58763
42626 29307
21971 59077
21655 18847
23841 26335
57263 2126
41269 56721
40469 6789
12195 13755
45661 16848
8379 58920
42040 1138
3717 51003
62802 23632
58219 5890
54796 9219
62524 18452
26990 18325
41729 8424
43864 25729
15346 40995
27063 56064
15692 46971
54520 35105
45891 26194
60673 24776
25876 46196
29359 7495
60725 42892
39247 61767
36087 35271
45248 15175
40020 814
27949 31176
38740 369
51460 35142
49018 28790
62878 59951
17575 55096
51402 54714
53648 21511
38238 37773
7153 8800
16330 51641
36947 29775
16676 43401
17788 19765
49427 64808
27447 34614
30775 60417
37976 41077
4352 27154
12686 16883
3199 34848
25519 2814
9807 29437
59317 31835
40929 63097
49687 52275
51525 31375
21770 43103
38834 14890
47311 25633
54488 58496
20800 22139
52428 22608
53335 18657
37230 58899
59250 57763
31781 62991
22202 64494
31165 55973
1329 60992
48433 53329
2517 29872
6068 44078
25368 77
50841 40084
20574 34582
24590 42968
895 23376
5995 41061
591 16362
46113 2675
50255 14919
13505 16501
52406 10923
22114 20808
56632 43954
9649 7529
40445 10628
32883 49287
38958 64717
54359 44847
43632 41811
7236 35833
45149 44527
44834 22246
46581 5431
64872 13806
30719 47255
3692 9343
41952 12267
56079 47331
39936 63323
24179 38879
28547 59286
50177 46918
15762 21031
60565 36535
14053 57006
7773 1014
21381 42801
15471 9837
60847 44370
44302 13142
9721 42695
63784 26821
45857 15059
44369 3187
56008 54401
44654 13772
52545 31756
52557 47340
11372 28912
20612 14580
33345 31948
59401 49066
28037 12199
8601 31453
17306 49357
21106 15063
33342 61949
29709 37885
44902 39346
160 23836
789 50327
46551 22746
35656 8893
7361 49563
7531 29955
63224 37469
52891 14504
41513 17199
58585 64777
20134 48423
38627 49319
40795 39695
231 1174
21362 16754
39693 13616
26117 40628
21107 45295
41730 32804
35230 17167
23098 44336
65142 19058
5423 23391
22941 60101
25940 23891
58479 2898
55983 6171
1760 2377
62011 38003
30982 28370
3448 17922
12068 13200
56727 40460
31138 61376
16255 36510
45338 21740
18528 35763
45213 56863
16911 9387
2390 7774
7129 14233
47929 9437
8173 60227
51890 33785
9176 21679
31853 2587
13220 18974
61495 63907
18364 27046
39058 31071
15953 15253
21949 57060
40564 41304
32164 7879
45897 8450
36946 19149
24196 64418
48048 14322
23249 37002
34979 20530
27978 2726
25940 23891
42354 9299
31839 13148
235 58791
13895 7075
39457 4327
36428 22385
30674 41356
15454 54595
13085 8582
55186 57377
59323 9293
11675 50261
41044 59428
65473 52375
14018 35880
59800 48677
43030 11137
60577 47458
55757 43692
14593 16505
42209 46103
20376 29812
152 58580
63467 12306
4608 3707
54602 958
36837 52989
12687 775
13844 1593
49575 14358
27157 59728
59140 14008
43738 50007
29947 61437
59229 28877
30649 36154
43268 9891
23767 315
45178 1046
35087 61815
29739 18306
13934 27380
35818 65373
38346 2435
46292 35591
339 62454
3487 18201
35841 44559
30520 31755
11928 24230
11449 13235
60388 14398
45544 35569
41250 37155
47513 11426
25217 62910
33199 38871
52974 24753
4191 1575
9949 17162
27962 30727
15078 39309
8292 58470
27703 46251
47053 30570
16835 49445
87 26449
59676 45999
38149 342
44330 52170
23767 315
46776 49516
60446 11822
30375 17784
5535 22680
8551 65173
20624 46873
61428 24176
10498 40147
56913 21106
63602 2737
51815 39400
34959 9730
13500 20678
46500 61914
50773 34435
8107 60738
9196 46401
16736 20499
7444 7321
35601 55774
2369 58501
5002 5141
55702 49196
3407 56830
13484 25578
35119 9455
53052 37297
8354 43017
23823 7527
49585 20373
3040 53195
18062 33929
49756 2356
39259 38035
47240 12613
43682 18129
19860 36143
56924 43644
44169 30969
40 47568
23775 52610
2178 1857
14517 40371
54318 37437
1337 30917
18061 14244
11677 42213
41198 55791
52570 50166
11489 59562
29247 18322
10211 57950
64969 18723
56159 39303
13228 3299
57113 62111
61357 47450
407 36468
45669 19547
35862 36800
31379 6967
10572 54301
10520 3829
58549 18941
15342 19391
32064 39274
6173 48338
51438 46100
58564 22932
47039 49684
49773 28556
54118 35810
60850 44044
20203 63460
20963 11415
41305 51399
20441 59104
8587 3379
23860 19876
7358 47642
42706 32552
2016 27487
44091 207
5641 38526
58463 2643
22152 35677
21341 31388
32977 7172
10026 62792
40870 46653
7777 38693
58960 23075
43863 25202
56291 28498
60670 34398
19140 39188
63223 11451
50588 16158
27641 63962
3536 40144
37400 6844
3191 37314
29036 4167
41191 46136
55703 49676
31256 28781
36731 3444
22701 54251
35287 12271
8975 7279
28701 35565
21233 25092
65368 386
60929 17824
8736 13208
6447 30428
3850 25338
6505 38800
10968 5314
7927 18553
41036 42372
23547 55307
12551 35465
21054 3091
46103 22296
28949 35377
39883 61226
43256 17762
60749 33596
56588 1199
29795 32341
16121 19089
19661 1537
7120 29445
29555 8842
48681 45717
24516 26316
33548 41121
21312 12065
16581 9599
56317 60628
58929 14160
19219 37624
15636 19887
8498 3498
42780 48444
2953 11732
44412 31460
16401 48369
56786 15695
29295 5954
9646 11007
18966 50614
56733 46588
37313 48895
57263 2126
46836 2183
34342 35359
32751 58098
43113 10257
42565 7083
18374 1772
19268 59534
46708 49957
2906 9050
34449 62058
35591 58347
2301 41963
28664 40757
6412 31097
2970 22347
55063 14232
2170 28890
3056 26235
14666 47019
47710 11921
25795 21818
22392 48802
46406 55358
11427 574
28685 45322
19218 25845
16022 59932
44516 18360
10078 9920
5586 62156
58441 10008
36240 28161
25779 21317
29933 18169
28738 41954
15969 2118
57920 20019
21415 20817
10032 11601
26226 64705
18550 13026
51880 9881
13776 34197
4232 34510
60594 161
57562 19190
51915 8987
16071 21634
23742 29419
8913 17562
41532 32801
18376 55227
2407 49954
26084 7860
57869 49096
51936 38622
33069 44857
12498 21608
7535 28821
28400 42876
36358 51369
60249 36867
44267 57057
26797 46558
7945 47785
51321 1993
33058 44260
18236 58738
55453 59509
1712 29360
53658 24311
55621 13814
355 63997
56427 36011
40304 51441
41611 63103
53332 10208
6870 16246
43308 17268
59326 30909
51576 1987
62558 21806
8762 9390
34941 28840
43074 61380
37304 57289
26556 2816
36257 47799
9107 6438
3037 57658
31964 39174
50095 62698
17836 35830
52942 192
3687 9586
28646 48445
41064 65051
55601 12246
39814 55304
54384 9137
22297 52231
2110 4653
62886 42984
51795 26767
2060 14000
759 37250
48109 58632
52951 44177
64213 38049
14590 16197
1185 36115
49867 22032
13607 43178
49505 24245
55787 7712
28882 56557
37134 20793
61574 17938
49283 37700
49669 36742
25610 30990
32137 6684
43504 64752
11821 48653
25600 6305
34198 62565
7968 4556
58574 20015
65017 29417
41615 12297
4555 25042
42145 55666
61856 49335
63239 13394
23941 44644
39242 26218
30601 19673
25012 35407
46926 41671
61126 10385
63331 41655
61304 54470
35371 57737
56769 3283
65461 23859
59350 31608
40830 11922
16286 50900
50182 6041
50994 27802
29420 28156
39833 5894
36554 62936
33499 18698
420 25330
28815 19373
9555 19098
23873 42952
8784 20490
46085 49160
20861 57430
42513 36676
63279 35749
35596 57826
56984 20100
43310 56952
9097 43239
52453 46825
43091 42151
22104 41565
38235 52538
4526 58602
16405 39605
13874 32751
58307 53260
11274 64337
52167 62585
43468 45733
40498 27882
31685 58772
57638 25104
144 23203
57747 7717
6281 40180
2906 9050
26966 22966
19150 30100
5401 24519
31480 32923
23890 28924
52589 28489
7118 16447
52981 12934
65157 3089
27625 17781
11321 18894
35536 39678
33504 17042
5262 31811
14498 17867
64913 57387
50182 6041
54770 30872
4486 19721
45272 42241
53970 18602
18268 54045
13136 50646
7970 64519
38565 64248
16034 59355
12298 64593
35836 18148
7588 47688
20527 37711
2648 39255
37244 26723
9182 51321
56405 24132
1106 17913
30591 25001
19490 34969
25058 53620
64980 1650
55285 3652
42558 33842
10810 49965
64581 27641
62811 63471
22548 15120
57286 13964
15855 10834
14193 30065
50153 14562
64320 15549
31045 12617
19594 48230
50229 14809
3301 56103
54092 57107
58469 56815
51259 40387
21945 1619
58614 64359
2789 38974
44409 5289
18703 11175
39387 41004
45303 50390
44748 43633
24175 2616
62005 52133
2816 38359
36052 15515
50324 25440
50467 45816
34166 60788
40938 65151
24669 61915
59435 2475
17579 25017
17149 2504
40351 50523
61305 29497
26993 62737
27964 2429
59912 30919
39460 42579
14736 42155
21126 61545
31342 32395
17438 37654
3650 49415
27442 58351
16371 13643
33007 24126
20200 64746
22217 3849
51663 46860
45463 33680
46889 63037
19606 23257
10570 27699
48787 24416
64399 12644
1245 32614
50835 6042
40553 11537
23146 59456
3481 58850
29558 32576
40722 2979
42239 61293
56348 60534
35434 32530
20609 35310
26253 2138
35660 17707
20929 43361
54847 33464
65302 10068
29385 43434
16032 13097
29965 29455
52746 25514
30075 55773
38888 19676
24633 61416
6124 27040
23802 32742
22697 827
42173 40444
58060 50833
19057 27021
36115 9657
53680 30670
19253 18202
19267 61327
54521 36651
27016 14913
12736 5068
24521 30779
57817 17198
40011 15875
63668 4391
20951 33939
42522 832
6801 55215
3681 17565
51459 22465
59715 43656
51684 35518
31323 20081
50742 37741
38663 34557
39138 31867
58234 46668
13135 7772
52683 8739
65234 65056
21447 49686
6668 4211
30842 40230
57886 21191
25020 9074
3820 45528
8771 43455
5771 35487
29029 31312
16839 30763
53351 19246
13249 53371
61993 5148
4774 26292
2657 11375
61710 13485
24815 38575
27779 39792
61442 7059
45696 51705
19249 47149
1597 50137
23354 29707
53952 27420
62590 49329
37002 22719
50649 36962
10394 62852
57988 57191
48762 52666
63967 45358
55992 36379
39805 54024
62347 28810
18041 17379
44500 48471
14372 55983
48822 7153
26798 8681
9095 60945
23314 39208
54765 37636
20446 58002
16748 12323
11970 23931
22638 51684
17707 10526
28587 59434
61926 65246
30372 5157
879 64338
51330 13076
62260 39283
50556 50913
30756 36332
59748 47218
61577 20402
48569 39485
22765 45517
54799 6261
47836 40282
21343 47102
47466 41430
56339 61668
58756 48955
27675 34383
50835 6042
51976 53518
64970 63405
39149 60572
24383 40641
46387 52098
10279 34239
24624 33018
2161 673
10490 290
2387 19974
62719 60661
64781 35772
34546 37900
65472 44170
39454 31003
59659 7455
24088 19822
52937 47373
10901 24526
5614 10020
5847 57753
34283 24094
32919 41085
35773 10495
756 65006
42135 7685
41322 23326
6762 46602
20531 9832
45853 61838
55455 34025
58548 26622
5965 23785
61494 17355
44191 55131
38518 9409
13366 42373
5304 28429
47603 20051
51033 23190
10007 33470
31640 45213
1436 27305
49145 38507
6626 12878
42807 59545
17301 39748
61905 55063
37257 43738
32299 34993
40228 7413
3460 50993
27626 110
38311 5669
26193 52343
18120 4038
7280 28176
58859 30818
51776 26151
57932 10839
6542 60097
9118 22822
46494 48667
62483 36470
56690 8794
43572 6630
5682 15072
20580 2384
51471 18249
62425 35026
48012 44407
41393 24602
21763 16602
1493 7115
35323 4466
39293 36390
53198 21603
18325 2043
36019 55336
16465 48976
6325 36844
19676 44553
15443 31632
40142 1467
58473 40162
58336 52755
55471 1011
9804 28234
34481 11160
20963 11415
14676 27825
9679 30275
1475 12424
38959 16285
48521 34265
40535 42311
37159 44266
28127 11371
49930 13641
51997 20734
27696 1733
33164 8066
41693 16336
62352 37190
52948 31845
26660 57780
20172 56982
28918 51332
17556 22791
36683 4514
39388 42385
40179 36448
21552 39986
19182 2666
11725 37094
54849 21446
58799 31504
8563 9446
40817 56253
8979 29202
14928 46461
7255 5251
51547 1755
1132 12247
23887 36418
3135 60290
61470 64072
27019 57852
29241 16979
52015 1646
33226 51354
1436 27305
4698 9749
39872 7964
58570 57336
48289 37936
53941 63792
8097 6510
50259 42059
52758 10766
62528 2100
31949 57142
3980 9066
22153 65450
1086 52750
48086 11757
43358 46297
5450 36065
62862 16623
4659 47537
12525 25060
52865 17380
31495 4310
9042 54955
27759 59242
31930 15836
54044 57203
28343 55392
5038 14903
36452 19125
337 22881
39186 12990
1136 20525
43508 20728
27317 9253
43354 1329
54975 4852
39139 15533
30534 14785
246 59416
40854 32008
64250 27762
26425 31581
48504 29584
15085 17238
28103 65289
57333 577
31482 17896
32973 30394
35272 4987
20719 13139
17013 36291
52840 25308
46589 45533
50404 41129
18233 29986
44661 42823
41163 20940
62794 38966
4027 26106
62532 60486
44591 22271
37373 20136
59753 10769
4321 20385
44401 1496
20936 12035
13645 50914
5092 162
19026 51220
20580 2384
13855 3080
33372 64288
14830 53656
22690 46422
9389 38329
38063 30892
30518 54932
44687 51801
50451 55129
63322 33025
55382 48992
62910 30440
46138 39379
55065 3386
37701 29145
65448 52798
24176 59055
47388 10282
42649 36621
62146 47872
5965 23785
29725 19359
53064 49471
55642 51497
23180 37
45117 57884
24099 37929
48529 15124
50526 62010
22826 47013
6444 43126
45697 32377
53158 40762
14133 13726
41544 52656
64868 26224
51802 65141
40983 36261
49929 12935
34472 15895
37365 58285
41641 57567
46428 14673
16333 55814
23325 15994
17784 9699
27669 59466
56750 60702
56798 26882
14414 14327
52080 1758
14899 37120
45256 922
17072 51873
27062 2181
2856 57099
35519 41184
39357 7030
35460 3844
31369 32763
11750 56137
49722 42324
42945 2945
13848 14608
6897 42852
35317 61429
12972 16355
22716 64318
23965 52321
59103 34753
5381 64040
5008 13576
65345 46242
50946 33844
23734 31057
59322 7395
46734 48832
49498 2342
41606 31234
7484 62323
50636 1729
7081 39891
45850 52783
44713 55017
16792 6180
57443 676
15269 8925
9358 26094
57299 65474
10791 64410
56537 24169
46229 24745
13943 17045
52200 46596
5479 44122
55337 39902
46698 33108
19996 55407
31585 65227
50687 39392
49844 48354
6105 33459
29297 64031
37499 24150
25558 30639
23270 27005
10521 16163
40765 65310
4107 26567
27969 41231
62731 15
28892 26378
3915 50485
47108 65229
35573 7618
45686 32167
44794 42838
29499 43287
40987 25893
45027 27821
37799 60059
17122 20245
61135 25246
8644 30160
25014 20910
59084 61161
13776 34197
3148 26751
41114 33361
9906 49099
63539 1087
53515 5355
8140 52090
938 49444
46586 5096
32510 7454
40750 61639
46271 59207
15854 36898
38474 65215
45263 6644
9489 14784
8712 51055
54864 38987
8039 4460
39016 30170
18053 33335
10270 49812
4423 2028
62499 45581
59398 47484
9454 40077
35377 47112
32206 31330
10877 11235
16192 9601
46074 28291
3268 49874
57930 20363
42112 44890
12859 16619
34227 10877
27240 50768
18518 37412
45756 26034
50246 49316
21307 2584
47585 7032
30004 20156
62314 50416
4667 12785
52719 12141
65371 2329
44279 4540
43078 12994
20658 65028
3967 47294
62102 17320
63214 58497
64656 48973
22051 5550
2051 60029
41020 50451
63024 52906
39755 36322
38439 32735
54288 52840
31674 41383
5302 63983
37114 42630
58270 20649
19434 27700
42703 53066
22913 63585
37184 39317
40740 34451
59083 7702
13305 25326
14163 5195
44045 53603
64545 63040
49754 54583
47306 41735
23909 59230
59703 58201
9178 51277
50635 38542
53019 51566
64177 37632
58163 17994
4330 47676
33042 5586
7780 556
59268 25016
19282 47028
12852 12464
59209 13133
49087 11985
50401 47742
18079 62023
24463 14192
44459 61737
2563 28997
8811 29555
29245 19196
29631 10002
24844 4278
53515 5355
13444 52267
6770 30826
57274 2894
60921 43578
9759 48824
18558 45770
12219 34166
26513 3233
46227 11374
58868 54096
22200 43933
26395 12093
22626 56631
18971 1905
48891 52487
57263 2126
18451 28822
60569 58729
12879 3619
17433 27993
30688 62749
4916 61499
47999 60219
65454 7943
25028 65345
62450 30545
2510 60194
8095 35364
32493 20309
22713 30542
28562 35848
42201 46463
13115 42512
26682 46854
2821 21163
65008 26960
3583 56873
59152 34338
63492 3288
32662 13348
26257 11128
37778 50053
8418 36415
36809 34260
30377 19446
48275 36454
14023 31151
41102 35786
50485 17898
11631 51605
23024 17484
61031 19036
39691 32561
55623 47846
11874 22704
30340 34742
39458 57469
5644 5641
61560 44721
29193 7766
63925 5603
23908 46919
48188 8637
57036 45276
45976 35342
31080 4498
20659 22264
10135 17079
44232 41293
6086 8179
47475 53912
58557 64123
20497 39728
55734 22449
48670 11570
55976 31517
11953 7018
9709 49252
17498 58617
24817 10603
65469 46330
17435 26056
26891 2635
25439 37019
2621 49555
18607 19297
4923 58009
64084 64947
48308 41
44366 48087
12011 34495
9402 5376
65387 2264
61168 64071
49142 19808
11402 37972
9098 15885
6363 47064
34244 50376
21396 48073
34276 12204
20115 21793
7838 13070
52472 3001
53394 64398
43121 12517
32810 44851
36907 38998
17396 52935
20377 23155
17126 36370
26764 58639
25989 48719
65501 57641
15987 39436
39279 50001
26146 12720
43270 35949
54241 50206
26970 22971
14082 21201
24389 46430
65190 18947
2395 38977
34816 49362
19012 38942
59303 13821
33951 63184
5467 21767
6986 9053
59310 40742
57694 46319
58697 64221
38508 56438
22758 58018
9703 52022
27248 41013
52977 6760
20048 60236
45273 17465
9627 41331
59389 32948
4639 49775
16409 2554
50725 57785
23162 52368
7482 4726
11857 43100
8348 6874
17287 54196
28541 41090
10778 62566
30623 57867
50175 2615
11720 65178
19444 61153
56475 20237
16958 33805
25582 23179
64424 23094
56540 17276
7216 1917
12681 5196
38513 9674
13821 50450
1207 2172
17463 29137
27943 29591
30003 19202
56567 63498
32069 19600
57108 412
59653 37814
58835 2380
33417 29927
55878 12486
40549 48156
36157 55788
38849 35151
64515 25482
62961 31732
18034 39416
351 27704
2367 291
9651 8009
27263 31636
10859 41843
10823 27635
20010 44115
39256 30147
42790 22482
46958 4164
39128 20235
53622 4958
55176 31246
19670 13270
13662 46664
2486 16955
59182 35248
15821 21104
45745 17029
38502 29802
47488 3733
16908 43951
12766 31069
54890 38139
26263 40868
17575 55096
31223 47832
37210 30396
15823 29699
19825 1667
9559 21146
25536 52493
52236 14139
54909 17219
36161 34273
14663 13006
43342 32184
20689 60336
41820 48366
22653 5408
47613 29946
4681 38763
38332 518
8414 8271
47355 39589
56262 28451
31194 22479
62737 5284
63091 7513
61835 40344
35216 18463
11332 28519
28240 35782
907 31917
22523 13109
45529 34248
41111 12929
65109 21986
14984 29430
62946 22116
12177 18837
56043 5435
10605 5258
24132 23348
1920 65190
62430 10444
6464 21801
15889 616
36128 1111
19923 42745
51095 13894
43927 16098
38586 3356
15700 32907
27778 30959
5368 42746
