30390 14798
34563 54490
34660 42300
2671 28001
15101 4126
44192 60502
40453 14522
33599 46390
6563 57489
21082 19978
49330 44805
39136 65405
29576 41026
50569 16199
38886 29290
22469 31326
35292 63018
41676 31938
37942 47452
29142 5643
24506 58715
29250 6701
37718 57135
1201 7098
32012 43759
42949 10825
46867 32959
18076 25055
42210 50351
13260 7645
18863 248
31008 13778
47433 38466
52189 12398
11655 59917
26657 45487
30695 20252
44945 62409
1947 14603
3141 44430
45358 40509
37398 30633
24428 19848
64087 40935
38723 54333
24240 45055
23986 20239
65448 52798
30154 62278
29171 31574
32428 8778
55550 1275
56621 31338
58775 7107
31170 55718
38695 16715
31299 29432
1057 2742
23963 47680
18799 27442
29695 40222
53124 13382
3143 24612
7043 14383
57901 7356
56467 57402
38085 17683
37097 34869
54240 25801
39254 31557
10706 8678
36881 24521
6358 59256
51675 1973
41663 499
56227 59711
352 51202
61780 65457
29276 51612
14275 48544
33963 53474
44731 12074
18485 54492
12804 11377
44256 20769
23483 18639
42558 33842
63982 62522
53581 32702
7808 19280
1182 27554
56572 58138
63411 11739
9282 3256
23391 858
17813 35267
23731 43359
28846 47569
59059 53588
64463 17397
15121 46676
44057 32425
18580 33304
45279 57906
51598 52629
13815 6972
28585 24638
23489 9033
46557 42477
55948 57188
65264 12
25391 53147
27957 9582
30677 8972
23477 57003
18940 4548
57366 38720
53799 2218
46640 30027
19110 36890
31798 53489
48578 39988
40390 47349
59806 37161
19448 21288
16871 48367
32437 43569
9156 18245
18645 45692
44872 42411
52976 1888
52003 37794
19707 4247
16708 52421
24401 30678
34466 65199
16134 28081
43309 61728
2416 62198
21264 57688
44541 42842
42257 36272
37952 16914
629 18669
35287 12271
32301 7251
10167 58183
50729 16302
51438 46100
21565 10639
35114 43117
38522 23411
61203 46048
54608 36921
43874 47684
35894 57472
611 42273
51704 64441
1746 30266
58951 3892
57592 35027
15657 22384
14372 55983
3093 46295
48237 27548
38466 41166
54337 37670
64634 20173
61956 34627
12958 17673
8199 11848
6183 49786
52242 2977
16811 3263
33496 19665
14360 2007
12810 41617
48701 31285
63589 27987
60513 43170
64976 10043
61176 56595
46886 33901
1918 7614
10366 16023
15187 29068
20882 26401
30694 39280
57001 41394
1906 24813
10569 21185
45373 51781
17394 35647
10379 15624
59738 36250
49598 27844
116 59185
4866 62676
50950 64619
15888 12476
2704 40853
37878 46904
33568 266
10035 25261
22539 21414
60264 17039
851 27886
33968 26070
35297 11161
11055 65361
45496 8508
60033 40493
34678 30467
754 37108
16561 44865
26939 15426
3715 31795
61648 3539
35208 17496
5357 38978
59497 56195
56934 27763
60713 55558
51276 53118
63899 62926
48891 52487
18451 28822
56958 61753
64130 36627
56751 5680
15979 54571
47924 18676
52399 20458
631 23085
11994 23441
62213 39953
26258 61992
36006 16836
52600 60614
40137 13502
61245 22734
21911 6961
54617 36889
41444 44662
36624 64066
24353 47382
39201 58846
7561 9442
58719 60797
19492 55054
64306 19133
41612 33572
20470 15561
35679 28888
7218 31728
8135 50881
25157 17658
45208 48896
12207 62032
47898 23322
15976 35733
55834 15669
13310 24168
59211 13371
13670 59075
41877 39990
54739 17989
55001 34183
34761 4042
35404 28815
11578 64779
14005 8439
5261 39246
2247 52990
59120 55837
28628 53193
49692 51051
2006 3661
58012 16286
53523 51622
56687 7905
60530 40865
22194 1038
5068 62211
36505 55520
21517 11135
15592 4140
61619 8191
5899 23234
11262 47988
31563 46961
39702 21188
25777 63200
39567 8886
59605 27833
42318 5353
64112 63770
7851 62865
55636 47027
1226 1506
16116 37477
12255 28002
17275 40334
45343 26262
7200 5729
38788 65396
36733 38253
48300 51943
54132 9779
63982 62522
4508 10649
44654 13772
6676 55710
46420 10774
8022 45369
53873 63761
16852 45804
11058 8064
341 8604
17617 6359
35267 40352
26797 46558
52911 25079
46407 49704
61618 40711
40687 38385
25207 58450
22672 17216
25173 20118
11532 46113
55049 16850
34975 55882
13540 21364
17638 45364
15248 21314
37420 42203
45116 43986
10792 23384
6082 7446
50022 22741
3278 44804
52907 20960
18811 8643
40550 19212
21947 6536
26947 42481
59225 10859
25902 29581
22274 24669
45235 30971
64586 35697
17735 42461
16630 43051
53819 42644
2972 47998
21261 53407
48771 37874
9004 42320
16443 51597
57209 21605
13947 11290
57787 50333
41708 43648
58763 34640
37562 3327
9764 5878
1186 18089
30395 59604
9100 48945
4616 47779
31947 57883
29683 60841
58045 44261
9616 62681
52191 31072
47659 33415
65269 12420
8066 37185
44339 52315
22638 51684
65503 35812
44313 43417
7829 58723
1730 34697
51455 25714
56739 46778
59767 12647
40523 12885
56959 56969
46219 56951
25546 50015
39835 32693
64923 65014
45350 15853
64426 9450
37999 61020
18298 24923
33 39284
52188 40997
27241 40791
37824 19424
47845 40947
32916 26648
50008 14563
31311 8894
25237 6201
12898 60859
55517 62919
53702 63196
38144 199
50044 29218
60058 28007
26220 10765
33994 790
63315 42295
8156 27298
1116 21873
45192 56480
42651 21697
50632 38021
32435 43180
31648 13416
11981 14551
60347 42188
3659 50696
8148 631
11510 33565
47193 39491
48892 1652
7970 64519
19529 56032
62969 34360
44619 9610
35540 42130
9889 64120
47217 14738
27429 24583
31013 111
59684 47038
36195 13800
37279 21262
14202 59492
30837 36934
63344 36544
41004 16364
40477 39557
39424 21982
52419 40400
33080 31776
27481 40682
19225 65180
49024 43906
19671 4564
48224 49718
2907 21665
58627 22774
30417 63726
5461 42638
40567 5106
40313 6753
1389 25815
22971 32041
59559 50519
38883 60221
12435 11797
61254 6275
13183 49394
23108 54312
407 36468
20910 46972
44251 50904
11511 60289
8690 46462
47259 62815
48857 20137
62658 35289
47811 47943
47394 36003
20407 44429
39159 58229
8204 19123
16244 20089
37597 18220
61187 55933
2668 13573
37023 16221
12357 52669
34017 52041
56490 49586
32487 31978
38488 41080
65487 8055
4351 27054
13742 48776
25191 19200
8825 11491
7700 2265
50263 62307
34208 1454
46586 5096
37266 32364
30477 13828
35260 21878
11875 61670
6032 7133
26356 42562
54730 65092
55178 37417
59311 28386
5489 16229
17838 47179
64680 20871
3882 48062
23367 62318
30668 58761
58846 2337
7522 36588
29530 17849
10059 15209
19121 28187
59646 47057
10030 64546
13536 44410
48829 7417
29172 10679
17468 45857
58010 47819
14173 6182
19781 47709
62957 19775
64711 21232
43812 22605
36702 13902
593 4718
37285 29601
63052 12208
28959 29454
54133 3668
31631 42049
28952 5457
38135 47627
45756 26034
37222 32952
55404 18449
13047 49857
52425 32107
13300 45250
22660 3110
39583 50775
54101 19991
57963 6402
27215 34877
840 11630
21274 16208
12235 61386
59707 59861
10096 12871
34205 63414
42990 23966
48896 26870
61814 55856
64701 50400
52673 40007
43443 693
52489 14315
42167 55189
19299 18382
63873 30019
64774 57554
39841 27848
31997 48995
6173 48338
17961 33028
19916 51100
43739 22038
14523 52120
7892 8732
40943 36098
33672 41863
50455 12940
15556 45221
36639 47555
58116 7847
3692 9343
27911 31890
26154 55190
12763 39297
10361 42726
39620 29467
62523 9231
56142 43456
18352 28599
61865 24038
5856 30139
24591 10760
31621 22188
52287 46515
12856 18515
62823 20605
44813 33699
28647 23477
27955 59229
31223 47832
6917 7610
38781 62468
25863 49201
18877 15051
38565 64248
52980 31311
10191 35500
23873 42952
62169 59317
6904 52628
6599 46216
26886 39292
22068 58977
48693 51765
10914 32803
3933 16478
63765 9466
30077 17727
62152 20928
18825 58665
27205 65525
6025 30804
65223 39319
63027 57792
62928 30243
55452 17616
64531 42961
30202 1203
53911 37487
61568 8920
23509 32091
12037 62561
52790 18521
60280 62503
3417 25722
46410 44835
54252 54655
30444 10643
53872 24265
58592 41210
20940 54
49495 40234
52486 57861
29644 25173
22568 16291
21181 11782
47296 43774
40437 58236
7165 21460
55902 28987
13945 31942
35480 15667
16845 50899
26276 43474
29665 49384
49060 42215
27701 54344
8226 7781
12527 20559
56148 9519
5188 27182
63786 46583
45335 65260
44776 13440
57193 47042
29409 25068
55709 31897
49367 41196
23556 61480
61415 49937
65330 13343
6959 15903
28115 18235
10802 4378
35476 10823
52292 45090
11352 9279
60479 28616
62278 57519
35316 53106
63428 5611
55388 19911
63891 50472
32323 7162
42654 55723
13050 4674
14948 61201
2668 13573
35604 59517
5317 41976
25701 25584
34242 57782
22758 58018
21761 39729
5500 13739
21337 38386
28139 1939
18461 5466
50257 34390
56687 7905
59972 56219
57620 6380
36777 17940
3332 30934
890 37150
9604 9057
691 7303
14984 29430
19924 55769
54420 30691
20126 19956
53435 45312
54347 59693
34143 1726
24137 11215
24240 45055
11847 45703
56058 10230
13111 50318
12623 22484
58747 60235
19439 61706
32548 35299
28539 47078
53675 31680
10273 29047
63923 27106
27411 2163
61779 25224
9252 46392
45939 52874
5069 55213
53901 10993
27497 64812
30871 17152
60951 20332
30582 41390
41805 46781
28348 53786
29153 23733
1572 4019
37887 36271
31235 38400
33224 9461
63699 14844
45602 44204
31922 35982
25454 45222
908 31418
48031 29191
50292 29596
44892 24757
52185 17418
30199 46021
13289 51682
1416 21149
6297 45930
36361 6321
25357 59593
42811 51085
23872 61742
26570 53505
58697 64221
38603 45500
56160 48850
12842 43168
26303 54035
28076 29401
2123 38827
46043 29917
21882 61098
57249 58798
39275 5573
6033 58259
41054 13247
41790 60351
63828 32987
24430 1658
38859 60601
17069 2323
46585 3890
10156 35255
13900 5758
9294 24122
19538 20042
54630 64038
63591 36989
18768 57452
14299 5946
6456 61433
53990 490
21911 6961
45377 30501
38016 27488
26422 8241
6317 45191
61556 16896
32595 16380
58285 53140
41630 42873
12362 48469
57893 40124
1577 43825
23223 85
37184 39317
35936 47005
48597 15370
18605 30373
64105 12050
59873 11159
31803 29200
57480 65411
2793 58151
41304 3549
29987 7163
4970 48762
64567 40267
22647 16290
62354 65057
12254 65429
13721 20355
45616 51116
27514 40107
60896 50865
50432 64840
22241 40443
64301 5036
6405 61227
57407 40497
59315 54527
204 51859
58823 60291
38494 38583
9488 40227
29487 5970
23515 61986
55579 7444
42404 64427
47440 23962
8633 36357
17412 25188
48758 11207
31980 64431
46676 21946
25825 63894
39838 39206
28436 53208
50071 33614
45507 47262
9027 62399
33948 282
50815 25207
30598 43522
30896 2450
28028 13785
64917 40750
33388 16061
20028 6492
51529 44461
49781 61221
5327 9840
63871 7929
1073 12154
53460 54352
23676 47702
53874 18789
61308 13230
33827 64106
38523 43972
7420 20652
11381 39620
44741 51083
63353 3845
56544 63765
38437 3711
17505 45790
21715 14458
25500 29908
17148 48808
38834 14890
46709 4267
57477 34863
44123 27269
51291 1495
54017 49783
60892 53726
26019 6691
57677 57161
13235 51648
36830 56578
38112 50945
48431 18797
11965 14610
47617 12470
41210 53770
19388 9509
867 24785
4233 14680
39937 58829
17807 14679
44311 36435
51911 62649
2931 16180
53695 14372
7439 4444
23480 17570
54610 38929
48865 22252
11091 31032
41764 33834
51900 62900
2112 11941
32898 46012
41413 31751
7985 38288
26962 49904
24136 56112
13076 20240
858 39629
3341 58778
50795 63718
1458 36404
39714 4221
57091 57850
16431 11883
39621 16600
7796 62666
25502 65300
27110 12997
56698 24291
8682 24040
44356 49608
27233 61194
38755 1702
39352 36815
5173 32755
27671 54340
30890 50357
45314 59903
18103 52705
26179 54739
6106 25993
38644 59723
6268 53578
15450 45812
12183 11836
12175 26299
11634 4738
45751 21129
22133 689
24575 22766
27190 32015
25524 54264
57624 4725
43902 43302
60807 45573
62531 4850
22477 41561
64659 4028
4431 33328
33291 44447
47257 34987
16096 43496
50518 1591
518 7619
34898 61374
36540 23825
20494 57881
42310 29694
32357 6715
55835 5627
2799 17544
10984 56100
35449 53636
60670 34398
52586 21340
8939 45263
13856 36008
16449 42321
55984 30059
61925 13999
16823 30033
33421 14070
36677 39233
29558 32576
19321 28886
7737 60973
50011 15586
9166 28965
58719 60797
34712 2053
45247 55806
40282 58939
34327 57714
49658 25720
27034 52509
5576 32856
25188 51254
25416 52012
13383 26491
45002 9018
29829 8441
30223 30722
39762 56496
48255 61261
60523 18226
35296 53877
30433 13779
50207 24468
24210 10236
52832 23905
4271 3671
20444 18835
10308 48521
15415 50384
17021 14806
19996 55407
22273 55293
30717 1586
29962 1142
30018 5597
18917 43837
35551 5247
16337 40918
44686 56623
62488 22061
396 31687
42742 30289
4767 51269
62924 51162
2055 16308
23054 63844
21802 37931
30149 3891
26894 57925
43326 35586
48253 14646
47420 709
48537 59221
21626 11277
51829 37023
23216 38993
23221 28659
12179 58970
30991 44290
15832 35657
17939 14973
60676 7448
34112 36914
64869 36987
31751 34505
21534 56898
4361 53549
45281 50652
40978 1270
2710 14058
44950 25793
32003 25490
44452 13782
976 39034
11291 36037
40742 20115
475 31713
6699 5855
63346 2145
35397 7819
4341 36531
2003 13370
44606 55417
2192 46206
26654 39405
45499 10045
23301 59650
7736 35361
18026 48681
28649 497
45948 11929
45180 22634
12041 31936
57802 39163
50859 40260
36327 44094
37541 14629
22414 61577
21986 37764
30355 6914
5188 27182
44787 19160
53153 13389
58828 60766
17350 61673
7836 10439
9817 31055
33440 45627
51848 18035
1383 15166
3301 56103
32024 41730
13967 14714
61132 9108
42669 3117
50706 62
15377 20429
63531 64116
8224 3450
18896 35942
64661 588
26634 16521
60566 47897
53031 13455
49536 36909
24257 8715
59146 13046
58937 63394
20230 11379
48300 51943
4625 21017
1211 51005
10964 10815
64183 62386
55300 60197
58562 8672
8027 38462
43446 60587
36532 60044
23450 48642
53426 39812
59619 46152
44191 55131
61442 7059
21892 59344
48519 60086
5989 7214
4160 8274
33329 31269
28991 24746
34592 50320
18541 43033
58572 20232
7739 36602
1414 16943
8457 43710
26137 22547
48615 33564
46545 31628
9502 12616
52756 44185
29163 6443
54008 48834
25899 5690
24406 31645
11765 40457
38449 36195
39654 51172
20586 56318
64994 13711
30825 46750
6979 24047
48527 51817
57896 6076
658 64686
33028 35775
55129 49109
57200 40426
62602 3946
7980 39369
6124 27040
32518 39047
32070 2420
43181 5622
60624 60255
5482 44929
56745 35974
48025 52178
30744 16433
34641 17335
17358 41122
26122 32089
36341 23372
16167 41852
19921 3295
12461 11107
37287 5576
880 39189
47819 64833
56034 5173
38006 6313
19159 4555
9821 35478
52267 13102
33927 40208
51904 28555
6367 2600
29424 12686
62438 59927
29654 17744
15325 51128
10734 141
21927 37280
15931 5515
58582 36466
8949 63108
29158 22960
13058 204
49320 20554
50131 1452
14939 33579
3551 52800
60251 18825
21132 61267
62797 59199
19163 22475
28831 6487
24196 64418
55770 27312
18240 16315
48302 57058
20688 16470
1433 44488
59112 5121
9584 23513
29788 28310
43140 36389
14292 15015
12479 58904
20778 26216
26442 4269
64517 2153
54478 56258
42768 13105
11024 3593
14898 8075
30337 8378
3075 45842
17136 12615
57833 55462
37815 35501
30458 2934
33555 9914
6513 62996
5961 46322
44819 38497
58975 34449
44897 37308
21703 12039
34501 29510
1824 15212
40731 31169
3184 8137
1811 8762
61291 5901
4158 40864
17412 25188
9094 51251
31304 33181
3625 7373
23283 25422
24116 62637
28448 49919
58794 17947
439 9736
7633 31857
35620 26254
62029 50960
30696 20395
58920 6573
9832 52550
4804 54246
51107 43521
61716 63287
44883 43854
17370 29023
39353 38094
34979 20530
49439 64056
45825 13174
33625 38618
16367 56125
51666 57934
39431 4227
54451 41573
18664 48129
10358 53325
14528 2483
41077 20112
19270 17933
59763 47848
35136 45747
14258 16335
21853 7150
48267 10146
20066 46572
18710 59252
31283 9557
27020 61114
51000 11148
60904 42577
28086 11422
53432 47591
42100 22942
61579 42521
45444 39268
23157 41643
34009 18193
35194 35159
48399 30720
48128 25096
35361 19288
24195 8841
61465 34053
16510 43099
28888 48178
47280 43383
49439 64056
12636 54993
14205 59173
19234 48014
28072 51812
20676 22849
63319 14858
42718 33522
13790 35093
43352 14353
47615 65250
46812 22646
46677 42657
33648 48045
61056 12353
19562 54890
60037 46284
7608 732
31358 14081
34967 21660
26792 32306
29109 19037
55295 46895
12969 34098
25463 2257
46896 33222
46188 22652
51700 30794
20820 55589
7374 45269
45985 23344
29614 59348
15393 41936
9038 58828
17479 16970
18326 20970
35873 18435
45922 62834
19571 29087
21898 3618
59724 17914
6769 39293
1774 55732
53185 4963
62823 20605
24129 63332
62001 38651
29670 50983
14560 49278
29131 34401
53496 47053
45357 17093
14199 37396
42184 11812
13881 34348
10661 39212
53527 11669
5225 10750
53725 20496
54246 50819
25846 10710
54161 21010
25358 20759
35423 57618
60689 35292
11859 64751
6387 20256
23641 8353
9609 20366
4396 2454
63176 39968
48580 47924
60247 19719
49658 25720
52457 34866
29938 59894
28682 50408
26656 1942
44841 24096
60075 30823
46443 22272
57389 15468
23202 36697
29770 4377
17056 27655
40091 11093
14582 3607
32863 40291
64175 63803
45611 26427
734 30279
42884 57973
17133 10700
33546 52141
59006 15052
21821 54471
23582 38632
21847 7934
54527 230
40494 50670
31225 6047
2510 60194
879 64338
36385 48268
47579 20726
9128 51023
11922 3024
52237 28550
52194 4222
11212 28165
16031 63452
13868 17860
64787 25684
24018 61080
59289 45836
25310 48158
21543 33427
50759 11960
63516 27666
5131 41332
8237 49408
64755 52362
29740 22380
1706 56463
15780 17857
47852 63560
22091 48597
10159 14821
25756 21707
36048 59394
622 18164
19923 42745
38077 13784
56016 25829
23403 18738
42359 16968
12829 26928
18813 14036
64413 31752
27706 1214
30663 57829
57545 63499
4307 12224
44473 56076
32834 42457
27323 25057
40358 33001
27470 34744
46071 64969
55272 16487
21169 52830
4921 38438
45321 36341
8045 42236
62059 3541
42644 65347
42639 13914
44770 52792
21754 10820
56989 49297
28051 29799
1569 47557
158 39951
6067 22663
57206 43227
28907 43150
59992 46202
14385 60680
23857 14279
59200 38138
52385 13089
45907 25839
33471 36881
28228 20772
47890 62270
39108 322
55083 18386
29315 65527
61076 37788
48505 54809
32284 11849
1009 18843
55269 61608
7791 3261
22822 15525
26203 8104
27182 2797
53905 52082
6953 19647
14375 29567
51473 49218
33040 40990
434 30664
3920 48228
16583 8227
14177 17480
26657 45487
57458 58918
34943 20114
4776 45129
9352 49129
30283 33474
51411 58915
1990 42889
35990 19582
23629 34237
4670 47612
49970 33998
49642 37573
13062 59468
42126 43487
50265 36155
41275 51586
4072 14414
53891 19705
50788 56627
63271 13128
63051 39217
20009 38757
22538 4314
65391 11843
64844 8786
22992 56159
26288 41165
39436 51299
44707 31455
5982 7351
7946 11592
11766 45282
365 65015
3572 54387
4838 39618
48826 2281
46175 53918
29986 2796
21051 57877
4737 64950
8888 25766
49664 56848
56555 17259
21403 6084
47253 48944
48579 3163
53970 18602
52228 57111
9200 29009
33147 40844
41514 28560
40365 31186
64524 13916
20820 55589
49370 1932
32497 38639
58623 23367
52385 13089
41193 58902
28609 16472
37301 19574
53577 36245
22695 49579
39289 11041
11495 34850
55979 5437
23782 48717
570 1957
25538 17427
3213 47637
3821 49518
44606 55417
47002 49125
52273 13774
7060 16157
23724 58874
51373 12024
18615 41009
20342 15503
4978 38845
26320 46921
31617 50106
6083 23736
25441 59962
38149 342
59603 28784
47082 54751
29991 6907
10220 17122
60004 55803
15595 51029
62820 55400
9242 5233
11382 27644
15762 21031
25189 19205
24119 33363
14305 41428
54840 43213
53236 895
63194 38133
24447 11211
45719 26902
22017 38211
42442 30769
23079 4347
41572 26983
6679 6824
21466 1601
49298 32628
13984 49049
40221 7265
1515 62376
52201 7080
15454 54595
14124 34014
5386 28862
19939 62797
59465 49975
33211 38134
27016 14913
62940 52595
63707 37533
47015 50377
25635 61526
38383 57083
17814 19889
47523 42153
18849 61122
39582 21278
34107 17062
24088 19822
47587 60995
13118 4198
32491 30944
30405 2566
42905 33951
305 33303
43222 14305
50136 31439
13048 5964
61419 9071
37083 18407
53379 55273
31795 25301
4402 16673
28924 3478
26975 7350
64716 53062
64358 32872
22132 53937
61580 20425
39870 51096
38356 18892
42477 9604
46861 48441
41027 58248
35661 15203
41333 6048
13684 65038
31429 34292
22893 31258
34504 5808
47971 41988
25584 51117
36740 37645
59695 4594
5799 50782
46023 63529
38034 1166
40971 2588
25115 46505
25288 3122
24191 39576
8482 28945
61153 17249
21975 62967
42146 25609
63529 15447
29157 23797
28979 9816
43162 49161
18032 36681
54860 2476
8237 49408
32012 43759
27663 57909
55706 1489
43829 55373
21853 7150
6900 35636
28101 52188
10623 8596
45012 31626
57123 60360
35059 61436
53292 17975
17664 9639
833 29696
16636 43942
30051 6962
55713 8312
7936 16563
53853 52289
56417 46594
19557 36239
30843 60395
43715 52107
55465 46022
12641 7672
26607 60217
61666 7023
5830 1671
57221 39412
50871 52764
38705 44149
46718 7547
17003 13521
49821 50716
21130 60684
42284 25066
14252 62745
7900 65005
22822 15525
59686 37273
13925 935
15237 24494
31930 15836
17243 14215
48949 29089
29495 16662
65423 63734
19660 36035
50694 6036
62311 15696
31922 35982
38827 62117
15426 4053
53355 55968
56765 20356
41221 2572
10153 48907
50612 36833
19195 4251
33353 29362
35248 43048
5132 12159
19393 41661
1908 33325
23669 12845
48552 13062
21472 51936
8223 9594
34966 43696
62067 39628
1696 25651
24737 64914
7552 6597
35388 5898
16509 50406
21885 15254
2947 60930
60 42647
48980 55476
22116 28941
61278 3453
23142 31063
35391 45832
58279 46842
34976 36682
49318 19364
47939 50832
35654 43588
921 57485
13833 36826
51406 41395
10171 12873
27783 45725
18081 35252
20904 29351
31895 34089
54971 46097
51451 23135
27393 33198
55202 27482
27391 35131
2324 27679
55183 24918
58963 4190
4720 651
25915 34198
59924 6395
11564 18288
2012 40061
45140 18378
30326 64491
38261 27206
32615 18020
5626 33006
26663 14787
51224 52232
44855 52096
18309 46939
43934 42050
30436 30835
27968 1947
25595 51735
36174 23882
54497 13189
44277 37692
26780 2501
19799 45651
61161 11945
11717 39411
50380 53142
57301 39744
45127 22901
63139 56927
48696 43761
36180 33671
41952 12267
61871 64566
46455 50374
44845 56614
47626 10472
47872 51653
44144 53589
46890 46476
20438 12422
16441 43463
44431 6308
20528 30741
33887 17795
51426 36012
47573 30260
9566 11247
54057 34509
64050 34079
11762 3301
46557 42477
643 31425
4883 45750
31476 9862
7173 65096
38099 43344
23639 23602
20060 53845
27391 35131
14585 48531
23898 109
64944 65185
11680 17588
61862 24650
51555 25229
41463 42716
48338 27351
57800 21649
33134 4311
42664 14257
53445 30994
38334 13600
45521 56465
19782 63664
27238 12548
48143 3518
47166 57771
62972 10163
34397 13841
56048 29110
22727 64057
9473 23922
12212 942
44052 5145
33142 51175
9397 42261
31303 35530
13481 46397
607 23267
60501 13754
54683 20226
55412 25233
32213 28425
17614 49619
12010 2116
64666 53805
47035 51458
46442 35921
14029 63350
34751 1022
58692 56401
801 12816
38263 55014
60897 25020
8253 21837
58883 40358
30216 29966
63864 52780
30029 5471
59324 21428
45061 21350
32208 52527
43145 14352
10860 57125
22100 43489
65390 54227
56881 50290
20893 5963
14729 29168
63025 29546
53105 3632
38803 36347
12860 9861
48216 20553
16630 43051
34958 45562
47914 20904
4471 48117
58323 29612
27333 38122
13518 47205
55953 49901
10538 25493
38372 44588
9270 59099
39691 32561
47844 18563
36034 14788
21698 10281
12092 17964
12511 1791
58078 2500
29839 43154
51211 61455
35767 41551
4256 26014
26762 48492
4324 11270
61615 44729
8723 45749
26814 64851
61580 20425
52812 2193
21487 7744
37148 4280
23100 200
47070 5710
14356 48718
58732 6558
2419 7759
9142 57536
17717 36236
13943 17045
23234 43987
41780 4632
56890 20593
55622 52205
29879 45082
52006 7576
24256 43676
58623 23367
64081 23827
42654 55723
25914 34566
56023 1077
21075 31452
52271 34732
5113 17113
28146 41473
25588 35411
49239 22730
52415 30613
27753 61025
5052 16143
64777 13801
65073 19958
7153 8800
23395 1427
64938 39580
56182 16081
6881 28190
28261 61595
31290 2623
9808 27687
63520 64266
32887 4238
1862 6999
15804 44411
51892 55027
46127 44452
17614 49619
14390 35084
25446 15412
51644 51088
38808 18150
47256 12598
24630 59000
5770 61030
40284 42027
60679 28405
7067 40980
32172 27027
11635 25599
11813 50567
21220 7556
3118 48238
59057 11165
38264 41037
18625 16152
49413 13226
28449 46662
36808 52643
10645 3185
54638 422
1156 31689
55580 52911
64156 32906
31180 54042
211 32854
22792 7524
19246 42169
47059 57736
36122 23580
14871 59462
56222 28049
31992 32919
17781 34851
37990 42074
57635 7515
8217 42366
9332 41209
35317 61429
45407 26220
30573 2185
2762 25234
12713 6312
2425 37284
22219 43252
34551 5675
47970 35598
17093 59315
4378 60668
9762 4989
8359 10332
43431 34826
56115 56808
6204 60424
29370 26761
35865 61878
26176 34535
18299 49446
61049 15880
13219 10418
37689 42327
32066 54226
53075 44175
53694 17124
15730 21948
45720 24886
28874 42544
49464 17372
59136 38911
54083 59074
35162 60832
32908 55546
58229 7557
54292 16154
20812 62430
45529 34248
52343 64579
43948 56509
41309 62741
53304 43901
13657 58863
2709 10077
451 46889
57368 18213
33127 54242
7211 9247
41824 33732
41899 62245
17231 20710
58718 25777
22541 54015
22387 47523
11170 41006
25038 37926
5653 23183
35576 60967
24009 62356
7419 11193
28190 56323
12918 31449
62252 34379
65030 47815
6293 39158
26744 48482
43047 45159
54067 23249
51490 30840
42951 19657
3413 51961
2879 29887
3238 10320
50830 40264
61794 62916
48364 12567
31126 51166
1025 22233
29792 5580
41609 31977
44773 34864
53057 47919
13888 30451
57949 46522
23570 8035
42475 28634
8494 20926
13144 45817
25370 45623
19414 18379
2342 42817
29702 14308
20936 12035
4541 54073
42795 7026
348 15207
45938 26422
25864 43005
34693 1435
58408 24109
11827 54405
11616 59373
55605 28400
31990 15822
38756 697
49825 4435
41607 18783
14664 47011
41320 28379
6056 62785
64326 44635
13675 34160
38882 39660
63719 15731
4561 12156
37531 39016
50493 44077
56261 4829
39417 8898
32261 37718
14615 16107
49234 19512
60714 21013
59716 56718
22022 38492
22066 61871
7097 8840
62715 114
24622 45370
21579 56088
63046 29264
10535 41739
47967 55627
51351 16006
60155 13571
28347 57098
37408 25755
20152 11308
47601 58427
59099 60709
23121 18915
1473 7069
14211 32240
30752 63901
64192 26762
61243 59396
42236 35141
24725 27229
48199 52879
64587 2249
37847 16736
34069 55519
45021 30298
1125 63984
56231 42383
18469 24476
25324 6524
37058 4477
616 39746
48892 1652
53357 13531
29457 36286
49133 57456
40397 39358
40824 18066
44841 24096
14841 29169
49037 58411
9269 25575
26707 5370
43712 56852
35016 52214
38145 49624
43357 25985
14322 2065
27181 45994
37704 55023
28896 21486
37164 51514
59615 8389
36856 48846
42999 6783
47191 25448
48447 1689
60620 23500
25651 36950
2813 28657
55996 54686
42849 65223
50237 34903
42942 63310
11610 60500
25979 60952
10363 32116
12638 6775
12015 31798
17392 4223
21576 56686
26244 671
24930 37876
55966 23610
43899 53029
29934 12030
35499 16103
12101 26455
5357 38978
40553 11537
48315 3570
54736 10440
14293 2574
41748 16156
56364 32812
47481 64656
63903 42430
12559 35652
29901 42154
47230 43195
15498 55697
64775 34020
34779 45170
50905 37633
38655 30708
51492 41163
38187 23893
35313 39324
61692 51059
49728 47138
55325 1728
52164 37872
28645 60656
38996 12724
28122 34978
46261 12351
28567 51660
19145 64041
29180 33228
31734 52177
57323 16475
56987 18994
35616 41801
12578 4381
64382 23549
53904 14553
57103 59322
47826 62627
64847 2654
46806 32081
32010 26831
37274 26810
64292 46645
15993 19041
63282 13479
39302 35669
9113 53173
59159 31834
57293 53922
53493 18887
30768 37032
20784 44608
51883 11790
37579 62632
45857 15059
20642 9198
23746 45228
38735 25444
22724 22914
42385 20107
64653 53392
63070 62517
28742 51246
41455 42907
6370 47692
10403 13349
10158 25015
58792 31509
5424 46138
21317 9205
45826 61392
58585 64777
19251 51198
57384 24524
47372 3468
40265 2189
59794 37153
3991 12961
7305 29833
61087 39073
35127 11448
26753 30102
11644 19917
32287 63444
36616 7540
63675 23079
8982 64345
34215 57550
44534 64439
42958 65350
64121 27637
15219 49864
12197 52802
58218 45162
49767 27743
16966 19412
43467 1979
27622 36779
30290 37749
13440 41654
61558 8649
32154 25642
37532 29911
2908 27483
56543 28322
57606 28538
18333 36616
21467 1656
12378 31039
53782 9590
2188 11687
32832 46953
48310 42802
28762 46683
5820 42495
21817 63144
13088 26962
24762 27719
15128 25111
27590 61978
31199 18541
44267 57057
25779 21317
8100 51671
4926 11438
48703 30574
57652 30694
12589 43626
51549 25990
1049 16559
56855 65091
4258 38934
51270 6498
19323 39621
63449 1025
36882 42450
1750 29731
18536 1498
35691 54727
18422 442
31434 28782
26417 9031
58471 20319
2181 31389
16992 849
23454 43165
62443 36053
33304 58641
63968 54404
29712 41002
56057 48941
36412 51632
40431 52324
26872 39512
9419 2965
1075 29689
24042 52681
23996 38258
46375 27212
62050 46128
21503 33867
57718 39138
4793 63245
7701 54537
55743 16961
24838 26391
60051 6083
46801 30798
37412 5388
17285 59578
8136 13966
44680 52962
4119 19605
41151 29508
63184 40281
18973 60246
65411 25176
49322 9254
19213 27789
8572 27960
31439 13490
49646 39277
6124 27040
54472 59617
29295 5954
63841 48988
29052 2134
50043 38809
60575 12425
14702 15009
35494 49455
48959 56407
54147 25890
12214 59086
42280 22733
13953 10645
6384 14169
18854 57495
8406 21887
23424 31093
64293 52198
6947 39304
23413 30539
42559 61781
43199 56077
17332 3010
58878 28112
16531 26638
50650 30092
57563 65069
46020 45592
39359 22176
11805 40225
32468 55577
20252 58015
19950 13392
29954 61396
12307 17944
21380 18195
58895 32123
15094 63883
5198 36085
26189 25608
45324 36793
16161 41088
37671 29088
64848 40336
31692 60493
28657 35631
3473 15573
7042 13407
16668 54907
35583 23263
38617 35082
53331 14873
50925 16574
8412 59107
9164 56397
5656 7823
12044 20342
56267 57051
13342 30569
54418 43547
10570 27699
56400 22970
49501 24605
29891 16995
131 59161
42971 52768
5194 43508
25377 54128
20954 38151
50818 57670
53170 57498
43488 55976
46925 45010
54108 7354
136 43457
25824 29817
58643 51702
34731 54925
347 38132
33627 48038
401 61925
34239 20708
2987 26635
49157 1612
47719 14959
28695 41865
26776 52191
34367 61810
45483 15195
10204 30699
15433 1233
11594 58354
20077 19084
55569 37658
53525 34958
6222 29741
44616 10416
57495 20595
33442 33072
21649 35486
54959 32001
5267 13367
52474 32913
46837 4107
22488 48023
23485 21655
56228 13699
44622 394
45955 51676
34602 21260
28130 62431
35291 33661
19867 18318
59632 28172
62836 21108
42068 16913
51394 37217
41154 43218
52291 38865
9534 23496
24199 33887
58584 64207
19599 30671
43103 47435
7125 32287
61929 60307
25863 49201
58418 14165
34119 4225
42558 33842
41056 38165
60614 30601
58402 62195
49445 8822
55932 49036
10651 38915
40174 61911
50765 57582
35886 38943
21554 58767
57601 62328
39001 34271
41043 19118
58969 20531
31335 4148
61301 25528
51026 52896
41150 53014
41859 37009
59303 13821
56007 53874
23305 16522
24083 3816
26019 6691
39216 21413
24892 46090
22425 16142
52741 28090
23234 43987
53481 49026
11205 51190
39130 39132
62530 6346
56354 60234
44298 12003
57123 60360
57867 7591
14258 16335
6126 63814
10351 16317
5654 51028
23903 45735
43137 9772
28637 41748
34967 21660
45592 64602
51233 60570
65324 63462
47876 54368
34767 49145
20443 37502
630 19423
25882 43859
18841 9471
15002 51688
30180 6364
21649 35486
5407 6612
36718 15092
60908 3830
26257 11128
1845 55230
36859 47767
46627 11703
45204 30995
51426 36012
62443 36053
55203 14726
26371 3803
51967 48727
32056 44142
39276 42384
13369 5456
21466 1601
29725 19359
594 52283
42588 16252
6194 31482
3529 31833
21120 57819
27202 42582
57936 55548
22418 1377
28544 48359
46398 42877
20713 17848
8342 59022
63619 49032
17984 42488
21280 23579
31341 6942
40593 53533
51707 10634
10259 16161
63148 13707
65065 50138
12531 59929
60411 35295
48401 20805
64565 21574
4854 50626
37380 6831
62483 36470
610 50161
39248 52640
50182 6041
17706 44012
13726 42601
56757 59026
59555 36364
15986 35777
37792 17038
46067 343
51539 25739
49353 52992
58334 6039
14227 34983
50751 5231
29697 13451
32205 18751
7542 30617
7081 39891
38663 34557
13391 30156
53324 46710
64455 24529
20445 9979
28381 64845
22481 32174
48489 62591
38529 34064
19132 28724
60987 62685
25288 3122
52930 59871
19849 18277
50591 29756
39138 31867
20999 23293
12254 65429
13742 48776
60033 40493
52540 29687
9593 35538
30967 59062
61736 32968
61906 28056
17124 9068
18683 18450
52498 23564
42611 15914
64770 15077
41643 14024
65304 50338
41798 62141
7411 23260
62982 46886
54239 11854
33524 2419
34314 42742
9478 50815
19492 55054
8022 45369
47721 20565
8255 54115
36069 51901
58848 43786
11646 49332
17115 8896
48695 44156
63158 15453
12495 35551
27040 24554
5657 23230
55418 9449
17470 54399
51703 24748
10147 3923
19266 11685
1516 13507
55993 184
38212 29226
31632 40006
47104 35450
31363 12278
20711 43174
26215 845
7891 11837
9745 40906
31149 49064
27161 14948
49299 53099
45089 24444
49721 18516
31904 51748
16490 40133
25024 2344
33784 14152
10535 41739
62814 33161
18889 14835
47170 7414
22899 45849
45687 3766
14894 65505
47054 43602
26666 45509
59451 58072
39569 4894
46620 26856
4655 39788
3333 40615
6276 5822
37692 47489
5680 49024
39991 61268
11490 15293
1986 54604
23491 21263
35339 28916
62625 16537
65370 40454
33291 44447
22289 48446
57483 65163
44623 58983
16426 33516
55411 26822
16967 43565
42660 25153
64132 23512
61168 64071
43443 693
59079 58597
8537 56456
58937 63394
3665 16907
49210 21206
1165 30025
26663 14787
36165 43653
45552 65228
26898 8554
7839 12427
15408 58488
43653 43346
60700 54937
39096 35962
7077 55095
14397 16375
41515 20966
47782 24470
10182 36018
24969 61174
31797 39599
136 43457
3726 51811
50873 50849
24243 65142
58168 31
53945 45005
25697 37560
47142 60721
55795 60662
33051 61923
62407 11851
41419 49143
50403 17572
12450 3059
29895 47829
43047 45159
1985 55497
3051 45773
56354 60234
12970 60673
32995 27362
7875 21579
59182 35248
22964 42100
41216 1256
31887 26202
27709 50060
58424 63199
1327 53177
61435 24677
53739 30667
45431 30246
33635 13957
35517 34975
27787 54693
5310 42483
60350 55731
42671 28490
64375 42730
6616 58889
19882 48122
19840 7231
23856 24429
56002 626
15504 37892
33567 17357
47360 58252
37955 9412
35443 47679
55052 63658
37340 54920
11260 15347
32877 31466
60473 33094
20784 44608
65303 25367
43079 29635
8844 36706
58935 61049
7384 54895
60317 14593
65114 21554
17054 56983
9753 30334
35738 42319
19401 44327
27849 43095
26952 36930
26750 12527
17850 30860
26758 37803
13306 44896
55010 46032
6543 32965
27410 38856
1098 63973
47690 63434
50542 65081
16611 61713
42330 48882
35874 9246
35958 31255
61447 1967
48269 2387
65364 18051
20358 40936
39767 53701
45471 60413
59470 47239
46059 35783
54011 47764
48579 3163
23230 23026
22468 8929
60864 51825
40827 20190
38250 21039
34393 60648
42511 9818
62252 34379
26648 60404
55236 53779
36532 60044
5960 8837
42482 11098
24970 40802
44949 53146
59251 6143
55656 48683
49134 60795
53138 57653
35815 59740
51548 3424
64075 62380
48362 46735
56777 57553
28020 17836
10837 15977
47362 331
65331 27402
47204 44850
3329 62325
63595 3284
30553 58649
50818 57670
27829 46563
31053 60152
20754 13143
5504 53846
34230 11023
35831 17184
19205 54504
46136 41364
42488 51217
55824 57574
22315 26542
1174 2597
1444 25313
30253 7027
56328 18891
19297 55787
55829 36224
58074 54740
23030 3951
8681 43827
9393 5559
2052 26037
12606 40944
41826 7357
36051 59318
27818 49890
19423 38811
22920 59489
39107 3152
51618 5164
8416 39816
37724 19921
12706 5502
14750 21915
58835 2380
57059 32598
10776 47479
21394 36062
53657 23219
4388 43766
8212 38093
51396 7928
7964 10830
215 9379
17078 30658
38724 54633
11138 16509
43212 42560
48800 11453
36224 6440
50903 52697
42561 32043
2683 28733
27940 32659
32301 7251
21088 54561
6644 22792
57383 20716
33356 37570
55971 22534
30365 6976
38297 6406
27906 26833
15997 15249
49556 37294
7876 21542
33844 50667
31349 12293
7526 58707
50026 38410
39137 12252
52394 28817
26856 419
53121 1712
62602 3946
19698 48495
55268 61055
26588 54381
9291 14394
13059 55538
55920 2538
62461 47185
39217 34899
8567 55945
23321 11749
4456 41461
15234 49754
22320 54335
61034 54620
58727 4803
12053 2478
57954 21132
36344 13045
56509 28464
33975 22660
55307 19936
1439 453
24058 11817
24746 25076
19468 42617
1072 40926
43414 20224
34575 54874
23019 7624
42973 12695
29698 29772
7032 63255
61660 42616
19604 56580
45475 28364
56481 53399
7957 37359
22536 9577
32209 19696
47853 30040
63643 13248
64786 62612
20429 61170
40091 11093
22459 11074
61387 49306
38257 10776
46619 1331
2498 43621
60320 33196
51496 63951
63903 42430
22893 31258
20747 5536
34564 53512
34464 47689
62153 48405
31614 27904
17703 27372
23683 34725
56522 1409
4302 8263
20836 61072
5662 26063
58745 13246
25874 21271
42074 30524
48193 7144
47061 5380
42082 57370
39768 18099
54781 49296
7765 32917
18746 33631
44757 44350
15666 15643
13879 35658
5183 11454
9678 14127
37221 60634
23528 10366
55880 35707
9707 46740
35116 25365
29996 7147
28245 61853
43412 64147
63385 57903
34136 32887
45906 25469
24461 20617
24535 939
15804 44411
23391 858
64788 61927
11664 22576
60086 54476
64929 23265
49868 52587
4496 40151
45441 34836
58500 11876
44148 19929
8765 19264
23815 41337
25279 34518
28902 26766
45055 47182
32667 36273
61477 50827
27389 33011
41964 37462
6511 38805
37532 29911
41440 26331
28049 53916
10129 28907
29491 26665
49409 15828
51544 2837
40222 18127
65328 48166
34141 2437
30993 11127
52153 37780
45530 14314
45338 21740
59683 29052
11098 7958
55902 28987
54701 21853
31753 60831
48607 50792
5232 29321
27134 18684
54589 17552
35416 58144
4026 44014
36197 44235
4539 1760
8566 58189
19505 39025
28099 56224
20992 18980
63215 37421
18322 33652
64092 40678
3651 32762
17210 6762
60524 23137
21593 38794
4753 40229
20260 35182
48616 36769
60956 11373
35572 52756
19821 19083
46406 55358
63625 2326
7223 59849
26750 12527
50236 41899
17718 32493
53194 34508
56452 27139
10695 45693
39772 26534
31911 60024
12943 12841
30055 4145
20421 3755
26018 20622
35227 36820
33233 52440
52779 2197
3774 14904
23827 24466
21063 37709
27214 10737
27112 2734
30763 18317
38948 36764
27289 55653
59271 27755
18917 43837
46768 30510
17917 50358
43870 37258
54294 20664
51373 12024
9247 30322
25902 29581
63749 63548
49036 11106
53648 21511
35731 8397
42535 27614
16492 26996
42098 49679
12459 27272
21317 9205
52596 49618
25318 15987
16033 1875
58156 31951
3059 41971
1676 52043
8152 48409
27995 31891
32589 57494
9853 16531
62997 18621
46389 44276
18710 59252
11151 27188
27146 28298
20981 49164
43008 50294
40419 4669
59904 14552
13524 51087
39301 10355
21787 6277
18064 44511
37566 26046
2807 8635
41007 8362
55883 54779
15563 9327
56969 31259
37207 48934
6833 22126
29298 18967
63800 50043
38627 49319
55691 43809
10974 21401
59415 7416
14851 9563
26585 18241
57434 56099
13731 26553
60802 60599
42060 35511
3140 50391
59559 50519
57036 45276
7001 62505
59037 5330
40144 38733
55708 14489
53364 53841
50536 62186
5729 50647
51207 13429
59037 5330
34273 20331
42442 30769
42098 49679
62637 34677
3558 64894
30933 36956
62432 12364
41281 24954
53292 17975
47814 58612
14531 352
60519 41322
17874 16677
34229 17754
7557 21867
27042 21041
601 31333
60201 17924
45785 10900
61184 4214
5413 17901
7417 5916
53760 28121
29012 30996
51776 26151
38878 14280
41509 57072
16903 42690
14340 56625
39785 41546
18164 50257
53381 22846
52808 51180
13672 35736
52111 62720
24671 28201
37566 26046
5060 24989
64262 24869
1206 5979
35921 19770
53550 11873
10818 47272
26911 46457
19268 59534
5000 46528
48516 52738
27757 4074
36845 24734
41685 36270
33075 18076
20988 1238
6904 52628
49306 1228
58344 7661
16301 41017
14253 53941
1433 44488
12589 43626
39450 33055
8759 33822
43487 62357
46365 57217
64593 51989
10211 57950
43497 17356
15728 6108
35813 16944
18259 10913
780 34074
27275 54827
21945 1619
56991 31679
47600 32746
44184 6704
16049 11530
33898 40888
64536 21444
6628 1859
17559 4898
62257 36735
53302 21802
61497 33211
1943 13282
43010 43429
34318 42959
14637 11072
2817 38361
3249 54436
56586 23172
59482 39147
26085 14768
12318 62842
50686 60708
45516 10899
23506 61231
42314 49991
27308 4181
6248 31990
62661 3106
45480 12342
55940 26284
6012 54298
22905 13340
33668 3133
33669 5432
36126 53442
52607 50969
20376 29812
16269 20473
27446 33653
57015 568
26192 44173
41576 14110
35612 54135
6076 1086
21800 47520
15234 49754
23833 12043
16401 48369
12151 14191
38972 29487
65167 60473
15321 42259
26176 34535
4460 33689
44874 51240
40864 20610
14258 16335
33607 4788
3788 37593
22840 59659
35027 28819
727 27255
29109 19037
9806 13361
3583 56873
59885 26616
48351 34288
57498 47891
36488 28699
30607 24585
24773 9009
9909 14374
60431 64047
6688 39187
26978 37285
60312 27846
31260 50266
59482 39147
32019 46799
28777 23522
27174 55114
15971 29502
28007 17422
24847 48548
6351 19632
41759 15890
22750 27060
47064 38154
8942 1816
43125 58020
46633 44455
6277 59638
37242 2072
33679 60010
14144 26539
59130 54663
9744 38626
52200 46596
12153 23381
64002 58012
38327 46554
30851 27289
26619 9402
29661 63154
28773 44032
45121 45788
34412 57728
22891 5938
690 20832
33264 26473
62745 46435
63594 11676
10064 40363
54172 8172
27227 42581
7407 60555
38661 63958
17957 41645
5764 3657
38770 18900
17981 14491
26412 39063
19511 31764
4924 63858
9469 11283
58423 33764
65471 5863
21378 31778
18249 48694
46547 19210
41052 26152
10818 47272
14614 35861
24065 17425
5402 44158
63658 47849
59979 15471
50280 63967
444 10142
2289 43141
21559 36438
4822 62237
45197 61145
59999 32378
13150 42267
13691 61647
24056 24841
30020 43145
6476 6329
6940 17158
60302 17135
44244 29914
29938 59894
62903 946
6552 5013
40080 64843
50840 2936
56232 41812
38386 42516
63207 27573
44707 31455
53188 5079
40320 25691
59042 37323
6204 60424
58319 35817
60439 28985
13873 29048
10082 58567
30320 9671
15034 5498
30382 52635
20588 18645
65190 18947
4699 50491
19159 4555
43735 5171
42921 59813
53563 4832
47703 12291
11566 10875
20184 23672
50827 50887
60665 19039
2857 52193
17936 45894
9484 6771
48916 43995
62699 2874
50018 9326
53310 20650
33420 11659
8723 45749
1045 10304
41229 24398
39925 45204
53787 5799
32478 65074
56485 52530
4499 8042
13485 18305
39465 30474
27817 19361
4138 44038
40760 57823
50152 34527
34965 22059
27024 22567
59200 38138
44775 29770
27585 64787
48236 24448
17089 61339
42985 44649
52199 47823
37357 7315
20693 30782
33120 58740
45700 49449
32745 18931
19444 61153
17594 6405
14142 3245
8517 59044
17451 38332
46546 16474
34442 64567
39608 55999
29237 23292
22465 29233
28385 11935
48255 61261
62572 62052
13366 42373
45891 26194
52177 65230
38442 13535
36089 13593
45984 20770
26928 63357
11758 23266
64701 50400
5468 26109
33503 13597
32101 19563
64080 51498
22818 12587
24870 57001
45193 11639
7584 47247
12491 18050
62432 12364
21986 37764
45236 43305
21006 8431
40597 51336
25956 50184
42433 18221
828 59941
55621 13814
62279 63730
46229 24745
14356 48718
62609 30162
5886 10888
58449 38756
497 31717
27244 58271
21489 44307
12196 64088
40394 30256
33224 9461
7499 49341
45606 55115
3869 43718
13602 8760
11077 45309
52827 28637
45289 42133
64703 28688
17640 14733
22435 5279
27089 64799
7372 6
55969 53403
23436 65402
53261 26123
1900 23691
32026 31958
1399 21981
20176 23652
26576 25732
20782 39060
46093 50753
8164 63463
38267 42880
29655 4483
57129 36888
12595 24411
311 31614
21928 32411
19032 4072
8156 27298
54163 7226
40897 58315
26479 45660
43454 60963
63948 51968
41342 6005
65480 23671
59501 3289
7291 24935
38753 48332
38071 45469
13339 56153
52096 37828
42170 30889
35745 48612
61977 6332
48462 25252
13445 23803
16126 6686
32930 46536
36718 15092
45994 28195
8262 40746
27401 17370
9337 40667
25506 29411
6199 46346
21061 63616
17781 34851
4504 24053
8407 15155
58561 10496
37842 48065
4459 42499
61869 64545
54804 5356
18508 50341
31018 14367
42170 30889
21599 1391
60638 14116
3076 628
31929 34873
14166 19782
32285 19664
47809 60714
65227 37491
32156 31260
10806 10232
49898 54578
64164 61747
36434 46064
61002 20300
55187 58713
27232 45318
59011 53326
36297 27839
22712 50860
20603 62248
21984 4996
1779 54254
9942 8399
20273 11553
33981 35047
12298 64593
11454 2229
2840 25600
10682 1528
49510 23320
9716 59383
20149 51845
32081 36324
62057 55526
48152 313
43145 14352
34946 29476
20654 36214
17653 1670
2025 14855
800 15292
56871 25679
39130 39132
579 32736
58754 62374
61332 3357
21353 39991
11101 17700
39917 57427
32725 38207
20127 22674
33488 36189
30041 40318
61572 64525
15079 34181
45309 5642
13264 48074
23904 1332
55051 18448
49726 52076
15526 34723
26372 59452
3422 1863
5947 34211
10183 59828
25629 12394
52671 3149
8815 5445
47782 24470
6372 62954
33032 30765
10216 34431
38937 46707
57855 55599
25233 36993
58004 49054
34592 50320
43964 9768
40731 31169
1222 6956
48838 5936
24801 18372
56212 44757
7484 62323
7017 12258
59399 50544
16891 7121
46486 6561
60701 44953
9089 4117
40652 48496
19604 56580
20888 20370
57175 19732
53560 31613
22954 43369
29447 53295
10078 9920
27973 14264
59300 1768
49390 3069
51188 5951
4353 27160
3767 1485
23380 25681
46126 22370
32027 5879
9788 8808
19316 38816
44472 59975
49810 29721
56521 34445
63704 14231
6188 4043
60043 14807
20106 32924
47351 50310
21492 36275
27204 33414
45873 55262
15865 28368
36639 47555
28325 26196
11389 64515
2017 61129
8450 42270
9148 54091
21765 51330
7956 21618
30457 30735
20134 48423
40665 38683
50345 19441
17326 52510
4904 51306
59742 23273
23173 4621
49261 44876
57442 40085
41350 50353
24215 41628
42521 57382
16069 45676
53602 36135
62839 49281
18753 19319
4510 2772
16426 33516
22084 54496
30514 44252
63110 38500
62096 47773
17643 62950
63005 57300
11157 12075
44278 27424
35970 16109
24438 18510
39035 17521
36393 34781
42691 49929
45839 32110
61282 55406
57652 30694
62085 51257
4927 34358
37802 17730
32382 62013
58072 33402
8531 46026
27937 36724
7245 27505
35184 35049
50937 64050
54062 26009
44798 27359
65394 3011
60048 24675
25304 14958
16632 20597
56812 22367
41838 26319
42912 57439
28051 29799
57816 3196
389 40024
3017 48101
33570 23504
63209 20529
44987 4733
38943 12600
53752 36477
17452 5554
58251 1815
4591 48461
7347 21379
57334 61882
4451 33173
37762 5255
35449 53636
8060 26279
63904 43042
32723 25797
55460 578
47800 11327
41479 44597
25131 4876
18534 15400
56674 28166
5398 51554
53161 39205
9905 5819
58657 11002
31664 42958
21141 37553
7043 14383
25274 26759
3183 18402
37829 30083
1471 53224
20994 11389
25522 43030
24761 10431
20425 2761
25013 40232
20789 59540
51821 24859
162 61745
22150 13884
55167 24646
35981 32093
55846 14028
24310 61801
52077 61867
53505 21893
39228 54123
26139 42836
43803 63345
8515 19299
8734 15907
27482 25393
61346 3889
11700 20407
63516 27666
40018 46272
8751 5482
3917 5206
37350 51474
18747 62330
61268 51680
5002 5141
49780 4386
4115 3268
36099 43503
35176 61218
16355 25085
419 26808
4648 5484
34711 54491
58482 15631
55657 61230
13284 33786
4034 41646
17370 29023
37954 2677
493 32579
25237 6201
7328 3021
23662 12479
30715 35476
16886 28463
29004 25162
51548 3424
29141 3164
49554 58463
22237 57804
27693 952
8224 3450
34293 34600
1665 33320
10397 33109
28891 46865
8583 31446
4176 28475
34628 58684
30508 11866
56262 28451
38843 16124
8630 56819
51794 26061
2473 49463
30193 8991
35140 2750
39258 20630
64455 24529
59196 35939
39719 4380
28739 47110
22242 38576
45132 21467
1243 43796
46858 48920
15562 49977
55775 19400
9799 53429
50749 34710
60614 30601
62 37807
557 44714
35885 33966
27549 10287
9887 42741
47419 2629
59294 18354
53214 6594
24257 8715
24374 31042
36907 38998
36854 24799
11405 62371
16071 21634
49297 5844
57918 1234
64515 25482
53242 41187
56665 57320
6743 45978
18193 38362
38676 14476
3260 2236
26700 61582
48969 39568
28241 38382
49975 29524
53781 11255
25939 16860
32063 63231
27762 17081
14575 56674
11474 20228
9767 54140
18435 56490
31829 27203
57079 15711
43323 10194
575 3267
43766 26670
57212 57834
7803 33285
52790 18521
38160 36994
50952 14805
32957 19174
49467 30328
49717 5513
17169 21630
62956 28104
44458 7785
43359 25455
43274 23204
50300 35191
48241 3392
31856 8562
39293 36390
24409 56126
48518 53250
52501 49785
39544 4340
62440 63235
47234 3730
12595 24411
958 27651
31561 7574
35273 29879
48120 38147
31831 36019
15149 21949
17791 14407
58042 44270
52416 42123
43890 49910
39135 27240
1611 22855
39343 3246
4181 54851
18488 24540
42672 32035
26375 11433
36995 8365
64419 22100
173 21297
1915 40366
46411 22590
53007 3726
11652 23598
30014 10658
46792 154
4435 8593
38178 45019
42032 10753
641 29345
22791 49572
29830 51394
34118 18292
59761 16034
28099 56224
39849 43155
45554 40951
63579 1678
20690 15862
37141 31744
58705 844
54119 582
54762 880
41027 58248
55513 21158
27029 7436
58280 7654
827 60571
12701 24370
1613 46055
36520 56046
894 16236
60253 1860
1456 28727
27313 41014
1843 1113
15076 35002
56192 63579
62785 32318
63803 37842
15682 26330
20592 29496
57980 64512
9762 4989
27389 33011
46759 27606
28525 8160
63505 15684
42119 4668
65241 64037
12517 18509
47402 54810
36348 6001
54593 9236
47605 18014
591 16362
39886 4533
12128 550
56864 3018
18888 293
44702 18403
39881 44700
15760 856
25696 36513
33989 46043
5710 9148
47506 28576
15221 43362
2173 25343
794 3959
47790 39681
13413 32085
63476 46450
5396 44802
63802 5303
62970 38728
53658 24311
62164 47507
36961 41746
23914 2571
56092 23402
35410 6650
45035 45777
33783 47040
981 13419
22574 46960
37866 8458
33124 60637
10871 28223
10695 45693
31392 12895
2015 59837
29761 9763
63359 61413
56913 21106
16647 2136
14131 19793
42339 26184
10649 25557
53897 19694
4942 38847
63264 34685
47600 32746
26408 9416
2440 49660
30842 40230
39762 56496
31240 28779
17543 60828
28326 38873
9362 2778
26734 31222
44144 53589
18091 15545
51161 16131
1698 32774
64135 39423
52762 23801
21834 55352
18013 28228
60263 20088
14611 27701
1976 1785
44025 42378
6376 51962
36888 20289
2228 37338
1548 13687
16480 39291
25028 65345
58409 20271
63022 14668
2023 15896
19830 2020
24978 54380
49261 44876
14517 40371
23010 16320
34249 63478
924 34538
42321 58087
43936 29104
63921 54072
64726 18
17921 36589
5042 17518
19478 37829
48420 16924
20083 1572
62513 18157
14449 9084
24812 42733
14412 23459
35668 40611
28017 60539
38218 62140
27454 10903
8535 16764
33856 50636
65336 37835
28286 59033
11204 47828
37082 62188
38118 19791
28730 64604
30677 8972
45683 48712
44083 40004
42602 46238
38302 1655
1547 63662
36490 19733
2465 56296
21108 47911
9510 45549
54527 230
11117 29056
18988 33076
47455 22642
65250 37572
57016 57984
37689 42327
56524 59116
60402 64141
6299 49364
47804 11527
45487 27292
28808 4932
11027 59102
16147 22068
61979 40233
28757 5037
17045 55155
62098 30871
23465 40486
37784 28693
61529 20275
36589 23637
36785 56216
56153 24036
511 59260
21919 19101
10437 436
2517 29872
9130 18823
37933 56789
25210 15825
27237 13296
5063 13319
14556 5958
59230 40074
55272 16487
12566 22898
2850 49334
29240 43611
14883 23604
53513 31344
43790 55390
36053 45167
53874 18789
34776 6881
31624 41117
4231 36750
21178 42239
30362 147
44105 48442
41548 4541
877 28122
29193 7766
34593 44155
49110 1445
36307 31612
55608 44333
11503 60008
48103 61311
45877 8552
64882 55505
18634 10315
18519 27579
31645 59440
1826 33599
48303 19520
4117 54297
56525 25905
36177 28864
65051 23935
51856 61485
13966 36010
34646 18489
7328 3021
34628 58684
48152 313
19072 31543
7130 29075
49252 41833
49219 38395
23622 31040
6505 38800
41564 61422
16061 59780
35626 23607
43572 6630
35971 29935
2047 20771
28222 28725
50213 10696
8589 24450
8743 5328
15996 13948
23708 12228
33425 34534
16922 54543
50364 10654
10943 30238
46891 13313
14398 509
33878 57461
4943 35925
64390 19311
38934 45415
65240 26515
10353 44673
55576 7600
44915 9214
48782 52827
63782 21857
49051 63312
43437 1492
63845 25688
3169 37209
47949 42645
15914 55351
50023 16223
59478 30464
53202 206
56367 59160
33014 55758
42883 14912
38960 14632
22430 36672
62967 8631
11769 12508
44421 30516
35818 65373
34152 35965
63992 11393
52528 13107
41694 33989
48061 31523
15911 1159
60452 14222
41254 22493
1484 10819
49163 48855
18535 27324
54798 14494
43685 21195
33057 19488
39011 3606
9715 17992
51762 63843
61278 3453
51678 60597
3590 50808
27745 57146
22561 58399
54476 1797
36610 44696
26491 53353
19969 45927
45108 18406
18634 10315
22131 49084
57231 26987
45767 25791
55673 18280
22154 706
31722 52854
30037 3912
341 8604
47789 26039
17429 37320
44368 19474
6741 58358
63384 16162
63390 1269
50238 2069
6596 26970
43877 15805
33102 7601
16450 41868
44036 56771
62331 31946
49241 9540
58279 46842
38626 45278
691 7303
47557 57586
24669 61915
58934 14420
14557 37031
53653 10093
870 22274
9465 3107
26760 418
59322 7395
45037 54694
22846 2946
30729 19797
60952 18885
10741 62849
49770 57138
52543 38099
24216 22305
22201 1379
42366 33832
31308 64422
25975 12690
24898 41368
52004 45064
8218 2915
22065 13113
34121 39785
17366 787
31361 46260
46979 45084
44939 25468
56206 21570
5809 24807
48404 65356
7583 8085
61030 37485
25583 49489
46701 27630
55252 27559
13136 50646
56086 9846
9823 50740
64141 63615
17564 4571
9228 56257
63604 35053
52563 25004
4001 49253
27684 45870
51098 45888
30552 36768
47475 53912
44758 5694
22295 12532
52170 28373
35763 32648
12718 51935
15347 61404
42130 28876
27374 51024
55041 9173
45700 49449
63276 62196
55244 15957
31046 52686
52324 23301
55633 15043
23977 37789
12049 46692
58110 64391
52887 45968
20646 40179
28897 27785
48853 27226
50679 9350
61425 7835
23505 60484
19854 29322
61153 17249
18113 32445
17381 14685
40476 42865
28998 701
54608 36921
51638 26208
29367 54556
49381 51802
36848 11187
54095 38419
34240 416
54471 2137
30756 36332
35897 14054
50631 1209
37102 62705
34910 61260
45616 51116
3899 15094
11109 3382
14553 57868
27730 59354
2836 42218
59179 28224
30737 48289
11737 6626
57101 61937
55195 33917
63192 3648
38929 53341
9705 47757
52334 570
56525 25905
50273 62814
4391 44924
65068 58263
6717 37117
4360 56875
13606 32792
44078 51185
7128 61471
36782 60990
56022 6091
42506 9572
15769 52496
7783 20149
20610 60286
34607 25488
52573 26541
40644 36628
47718 25516
37226 31462
12810 41617
61714 22231
15091 6965
20637 12897
18267 26250
10448 38353
20878 29407
54448 22890
50409 12999
7102 17221
57018 25770
52544 25693
8906 3745
34513 33905
46073 13972
35695 38808
57298 19656
59033 40350
18754 63384
65292 14716
47913 52167
5297 62958
26154 55190
16790 53135
56074 24366
41741 34377
43105 14782
47706 49395
56761 59141
48253 14646
40864 20610
51092 36522
17979 61626
38667 19161
40987 25893
41672 51121
37679 39579
59374 29883
63040 37446
32658 38166
51480 40675
44510 31216
28488 38394
53895 20997
35238 35347
28405 11505
21208 35735
46119 58655
2947 60930
51641 48491
12295 57916
58186 40749
4809 26704
1094 56913
3080 62109
46226 45734
47267 41413
33245 48137
5313 61933
63203 18492
24990 3461
43111 27598
37287 5576
29403 56850
17875 12589
63372 37966
23497 65290
40301 44176
21533 3567
49164 2984
10189 47142
1013 27042
40396 33185
45821 29159
33837 64875
30005 24492
61564 41177
13484 25578
27284 40968
39030 41314
3024 16148
45909 2803
42638 35722
52401 16485
17225 36747
63572 10565
40661 8933
18444 63753
62832 28809
52882 37855
53813 26526
9901 4163
56588 1199
9591 26460
32253 32361
44995 59467
47625 58616
43749 1363
14354 19880
25104 25900
27582 16456
24948 30842
65230 1916
36464 55537
38937 46707
42698 32082
60849 42988
41828 12054
38152 46845
37943 45421
65150 50963
58963 4190
11613 41584
43384 10699
1983 2850
21385 58099
58081 9482
27947 39059
55104 24804
215 9379
34920 47661
14176 47426
8486 7000
3663 29930
53600 33297
54601 4881
51979 46685
63426 6374
64576 54769
50527 56120
6523 57449
5477 45006
12418 15258
17286 20872
10802 4378
21087 6738
13184 42211
60854 56829
43334 17808
40905 59699
19610 15559
35530 38057
25617 38687
56947 41267
3737 60615
17252 10433
13646 31162
33101 6843
62504 46453
21360 45306
22430 36672
31142 10352
19521 27511
8001 35828
3356 12251
6691 54682
52465 54191
21860 46125
33686 6859
60243 243
41258 12344
12280 35037
41246 22976
14006 17782
3744 11961
25063 4296
40684 55474
18248 4189
15516 59860
4704 21168
19838 31014
1230 14174
28376 34563
27137 24851
33233 52440
24486 35691
19339 10970
50907 27382
7662 22205
14616 59653
17074 31420
20411 32674
17296 52092
14475 41342
40627 2256
63684 41950
1149 16543
48431 18797
52300 15761
5552 44645
13930 3888
23926 38000
29235 11506
16265 17657
38153 46906
53519 30581
44956 46868
25458 39977
62288 50010
36881 24521
18230 36985
63018 48360
45168 3869
53587 5723
55051 18448
62579 31070
60940 55208
43155 56727
35081 17444
26406 15522
51826 28150
36258 15046
23756 20752
51969 3616
47193 39491
1588 53178
20382 65427
40752 37165
25237 6201
33664 7424
22645 28365
19650 58377
12168 15887
45077 21849
44172 46449
54248 44007
59319 21123
10227 35612
59108 31691
21791 28768
64488 53595
60486 18662
19308 25464
61388 61491
53419 40961
14939 33579
54373 7457
41330 46560
51960 63145
54089 45543
47860 47286
65284 2260
6103 55324
21941 22708
58910 21478
39882 58751
44214 3553
4657 63420
45102 2205
27053 4833
56735 6121
40611 37922
59073 51504
40990 36997
45565 12701
54912 23547
11403 60042
44778 9549
18033 29367
27194 929
15685 42703
52849 16756
57363 3885
57537 8266
14700 61988
24665 10729
7597 59334
56368 14117
13770 23796
10142 63008
39963 10666
57528 43285
50065 57520
42223 25443
11654 5091
54912 23547
44378 18799
34436 12660
42449 31616
4948 50493
14335 12638
9645 50530
26589 65216
9707 46740
50169 59460
16503 16592
43115 1041
8917 27262
49089 46268
15943 26919
34917 60666
63641 58719
27714 46121
32939 26910
13953 10645
14053 57006
33334 38726
43281 57762
37393 31937
64876 65105
31799 31880
13079 647
1273 42748
24603 33996
11473 41439
38065 4219
35818 65373
36101 38177
35704 3508
47060 36093
8904 63919
33246 36137
37130 21720
22820 47486
60221 10347
60008 31199
49639 35964
14381 34159
52952 43564
1217 6099
35125 36863
63986 42773
13116 50709
37994 61284
48018 52144
2313 47862
47850 39352
52584 14316
52462 3667
10210 40079
4580 42986
34404 1399
29317 25078
51086 22597
58099 21673
19746 7298
33306 47244
1125 63984
47752 36862
10528 2461
65387 2264
53224 13935
2599 35710
35558 62762
60028 58520
2346 56451
25771 20234
53344 46606
45461 13898
59925 47050
43960 28363
24998 29853
58670 22397
11564 18288
22366 39657
10485 3380
65232 37785
10084 1659
42548 13151
5776 4557
62469 23169
22181 21035
1398 30857
30121 29768
32776 8239
46343 1221
17335 49743
37696 58402
57719 54421
52192 23246
25054 7729
46437 44862
31834 63429
5090 62174
39525 57625
49932 34795
23135 36507
3539 49549
32478 65074
28909 57177
35724 19165
64865 9175
51397 42264
13249 53371
198 29823
8823 41691
25461 23089
27552 57247
39252 5109
37832 32885
21714 59103
28567 51660
60572 62147
10003 1106
12677 37367
36504 45083
24171 34940
2735 26878
37545 14638
39465 30474
33549 44557
37787 51253
61284 21537
24952 3540
21250 53534
34019 8454
61318 31161
15997 15249
61088 28526
47330 60154
11551 52828
34067 28612
17814 19889
59344 60135
5964 21572
56271 50554
33300 26649
28260 1456
8697 47650
58106 18098
26470 27697
11824 24678
33712 61282
34643 31501
8657 60852
64777 13801
19597 39501
43551 63876
12427 5767
57597 22710
62414 26922
54207 63183
55669 20538
4078 46411
17884 18246
28721 23782
55069 12679
12169 25772
58244 18784
42819 61524
4861 41981
40178 61830
44352 52127
5101 59554
52090 2835
62313 10670
22705 7706
18726 16647
41386 31139
6782 48546
12260 59648
43961 42398
35979 30824
57838 25696
60262 10578
53042 64727
56621 31338
53117 13557
23759 63521
49271 42534
60146 11431
22721 41556
39948 35617
38784 11771
63055 10731
49222 44529
36739 32767
56637 26237
65069 59746
16098 32475
4780 47169
30402 23984
46334 16378
23437 8875
32786 48249
16284 39176
53292 17975
33218 55824
12842 43168
43278 44363
24033 27343
27064 107
4760 30115
49247 20551
52187 53579
19263 11777
59729 24116
64334 13405
44960 46584
47787 12882
31543 57682
49480 12140
48143 3518
55068 37530
33552 8722
25972 47079
16020 27873
18374 1772
41737 35066
6027 57258
23087 6509
49067 63329
29184 471
52985 4704
46665 1643
2180 55524
57193 47042
54974 1074
25126 37923
54876 7099
31755 17435
13135 7772
7731 40523
58531 28387
1561 58982
51439 1042
10199 30754
22891 5938
50491 20692
48900 25526
23281 18643
54103 38826
56613 26367
5185 8306
36375 26092
13348 25568
13716 8977
10474 64888
57734 10530
61981 21549
36379 54287
50101 65146
28414 19193
48841 52320
49206 19817
31884 37459
25901 40618
22168 31140
383 49925
4363 44658
21813 63440
60628 51319
9967 44785
64231 64403
46644 63344
17399 16120
8668 25193
52227 65040
61437 42918
61204 2283
1640 50244
5822 33675
21835 47593
64681 2114
15272 25618
35249 38979
13506 18091
43086 23467
36563 49725
36184 47347
7715 62036
11525 20964
2482 41807
8345 5825
2562 36604
43136 46969
47803 63556
59951 55418
40614 57080
45970 60032
10255 36313
22289 48446
26786 54627
5587 27055
13142 31637
36380 25837
24463 14192
29458 65075
42468 9300
54887 7467
39547 6119
42927 5294
551 28432
20856 12996
20188 6511
6375 23436
36785 56216
44358 65202
42344 62183
39459 8449
15745 54667
43752 54590
41216 1256
35627 34272
36680 7857
5839 27448
44452 13782
33624 46519
2028 61652
12188 19082
58056 31673
42055 36419
53096 3721
54905 33343
16484 31325
60659 16770
42374 20306
17985 30910
47362 331
33399 62761
59383 38189
13445 23803
20479 47052
57857 37798
1279 17445
7471 49931
24723 8936
17180 36185
6059 20282
11420 19008
5561 10960
13685 35684
39999 26741
56296 42302
7056 32616
10159 14821
7844 536
20890 27241
52039 51144
21227 7562
12172 29158
36128 1111
44846 22929
16575 17127
6349 53453
25811 61516
447 36363
55566 28062
39297 34528
50728 3785
62478 24770
17789 15654
38604 45852
56854 21443
33300 26649
43559 34107
59086 23062
18717 3287
20782 39060
38746 49989
18173 50061
47837 9687
39235 56992
40248 56460
20510 55333
9026 640
25486 42341
5311 11738
23375 22005
35315 16027
17681 35393
681 43608
9472 1913
35957 47670
4098 17270
38521 34821
1835 15202
58475 33914
23687 25953
21106 15063
20987 1382
44355 42767
39429 26185
22128 49085
47024 22874
22449 32489
33228 24220
20210 56520
29822 64311
35692 56448
51291 1495
27659 20932
16312 4134
15645 9396
57710 57045
47377 56151
12504 27428
21603 741
49618 55852
40150 53292
26463 47158
34809 988
41289 57004
14646 28901
20528 30741
21100 46412
19477 61113
40297 53408
4424 20821
694 18822
60492 40579
6241 48143
49525 37804
65454 7943
3487 18201
45979 33499
35472 23932
27976 52175
10057 62094
7829 58723
42465 35300
43406 34010
50977 35404
29149 22963
29720 16436
27345 40826
9845 23114
28620 49435
36169 27111
33779 39961
9379 39406
60957 25817
18925 61902
9590 8467
33898 40888
34470 59911
18346 15440
44497 3470
32778 32851
30689 12149
57851 12802
871 37053
15203 57386
63715 56131
57234 37499
3566 10135
22100 43489
1313 31138
46562 5386
12281 36813
19090 40494
56189 34405
18018 35019
50256 23456
14355 21858
49108 48075
64565 21574
4035 52424
42920 3778
54468 23059
4995 59785
48907 15179
32003 25490
34366 34214
15649 4475
34276 12204
2607 58553
30126 50258
59313 29324
10911 8088
13689 31347
7613 55737
14578 46924
13430 44831
15784 60223
9263 3154
270 40283
1014 31094
19281 60893
25101 4785
2170 28890
52735 3086
43466 49553
31077 37369
10839 40602
56989 49297
29635 33871
44188 37480
30578 22383
928 51583
2478 33931
7131 64534
34611 17443
51095 13894
3555 12436
42067 16778
39763 19450
42846 35721
27750 61805
41256 5793
8379 58920
3021 31721
45391 45645
16874 27113
50011 15586
62495 53752
59128 46307
52449 35427
15905 15884
35660 17707
3177 51729
37088 38379
21159 49460
6081 5637
17632 17228
63289 2477
57818 7318
1354 50264
64428 24811
61119 22514
22767 1985
64279 26336
21595 18906
25506 29411
7671 51345
59269 62091
564 2430
10626 62339
3199 34848
38015 21906
20633 16386
55965 4766
36645 50925
25425 60505
26314 42854
42665 57788
32475 34788
29096 5440
11755 51001
52588 13144
37017 6451
32531 26664
49996 62708
18185 43661
4490 1437
18571 53210
60389 47361
44804 34931
54811 29906
27604 37225
28167 21105
19480 457
45712 28262
8636 64876
60178 9963
34568 52220
12522 62288
4657 63420
47305 43118
28704 39003
11112 10310
42567 18584
27754 50407
7697 37596
52414 11526
59154 7176
49917 51734
26876 62598
62653 5160
22851 41929
11858 21633
51273 24487
45506 30631
1930 19148
56125 55775
18445 34216
245 1965
25396 33082
1667 52706
42277 53920
37739 51258
63917 8316
59485 136
46445 27865
344 12115
39762 56496
19996 55407
6267 48524
9041 53365
5754 48627
57520 19282
2503 23682
40170 62303
8061 42095
39895 57833
6357 13802
52978 29208
20225 10615
44106 12838
38311 5669
60502 44680
50833 50763
6623 27449
43447 58019
3965 53366
8366 43527
44465 63215
33079 7396
57649 8492
15111 61017
5408 42906
30171 33490
33802 42031
62350 65162
44265 42810
40963 65052
62539 51853
44748 43633
46159 32247
23116 28625
18141 63019
24510 43502
57903 6066
65076 13915
53637 8453
43563 4839
51056 53947
45709 29041
33891 29223
62873 61347
16548 17968
39516 11932
53600 33297
9365 52270
27073 15125
17375 46296
46139 56059
21965 53970
22920 59489
7382 36774
40590 28644
5741 25852
18977 27517
18205 7327
31197 61870
1328 30462
58975 34449
56712 43582
23448 8900
17365 32296
53021 11091
56850 53928
40081 28800
30904 32861
29290 49849
46274 50605
39592 53758
21930 18342
9749 14656
20913 16927
48666 10684
44899 44340
11999 42393
50685 60036
23421 39456
57310 37109
33361 34486
32595 16380
5266 19341
39096 35962
6620 61157
65242 39074
37402 52297
19246 42169
28122 34978
40963 65052
26762 48492
60435 4980
63945 47336
36441 60784
49479 8821
24789 35732
26745 9120
40649 50404
36834 43779
27331 28478
9496 55159
27776 1320
2776 31664
21095 12449
3429 2046
34996 36090
19410 51286
34964 53416
48733 16794
16381 57411
29525 16546
13041 37548
54565 2304
42613 34801
40159 26597
59633 7637
22010 55609
56076 51974
64425 61700
28620 49435
6843 3807
30610 29247
62701 42186
627 43556
35133 65019
38244 42255
33165 30362
26609 39985
59963 62674
40649 50404
21606 13724
633 19103
36978 45538
47978 9823
57819 13683
48448 25876
38059 65272
59434 17713
12518 5700
37298 54241
6574 43746
11875 61670
38533 24003
24522 60477
61149 37594
18688 43695
13311 47948
12856 18515
33629 16001
41513 17199
20759 8974
17561 40348
26765 48160
39225 63373
6773 48572
12354 23903
20088 20712
55272 16487
5644 5641
8389 52899
64776 64783
51695 36424
8375 2392
57400 63116
3788 37593
7784 19189
19231 17086
30139 45776
2179 58363
56686 16923
9723 45060
56820 38358
9175 42173
37504 22637
1700 61653
16769 38604
57860 5031
33208 17388
47409 59310
50443 3694
16222 58870
43613 64025
47826 62627
14841 29169
6205 7213
17249 638
28961 52458
3001 46929
32389 9210
38399 31041
12599 48026
45917 28647
50214 30888
44356 49608
24970 40802
8922 62110
55501 55491
4596 34696
23851 46974
35630 33589
12230 61377
42516 61866
34584 53377
29200 10788
55456 38603
35785 63398
1472 31486
40291 29543
14388 38551
31870 11522
41112 21223
51336 38085
24424 46146
21380 18195
28418 45219
14728 18421
35941 53674
19382 19117
17106 20444
31346 50232
24694 34306
5457 50195
20524 22250
31080 4498
46479 16064
61249 7019
16944 63069
15057 53011
59807 48686
11045 9445
5195 41212
37261 23069
11336 14179
51520 6097
35772 57278
13369 5456
18041 17379
56352 63461
11944 8956
6149 57888
2584 15152
18068 10061
20396 58531
5277 15933
30344 17314
61967 33207
13501 60800
64422 18279
20802 19624
61186 16292
55234 35467
62087 22541
61223 23869
39667 19816
35458 6453
13283 43348
7333 58813
8088 50894
34561 54900
3172 16724
20974 63598
23238 54433
53955 53670
47870 26875
16734 53020
30446 12946
24761 10431
7352 28548
45556 59309
23333 18580
45421 64764
40811 37996
16970 19706
48874 51178
63061 35978
25812 11807
15068 18055
49417 59541
11597 12175
24577 18881
13286 31068
9932 12808
40263 54609
15632 22813
33742 34067
22001 561
5722 35754
17494 47710
8403 54531
22708 23066
7102 17221
32185 47162
64485 250
21602 37519
19209 15718
65225 58584
57087 1555
50487 21114
29224 6737
61234 18603
23376 55679
28861 27276
47493 59982
62926 16675
65339 39030
5260 65465
14471 30991
31792 39613
48739 10897
1591 52731
60152 14439
1759 38517
48275 36454
1881 1065
55847 7054
50769 45928
7119 20663
22576 63933
10464 64114
29291 6082
10754 41635
2258 13255
36476 2225
40589 34586
54472 59617
53579 34673
16205 58357
38270 22349
18781 63005
35054 3824
52502 28031
34579 34757
8304 63465
9701 3664
5420 11412
63067 62944
5049 42005
25601 35443
24047 42903
11609 54599
20533 35060
56517 2146
32696 58164
59014 15448
54980 6010
59109 50402
7874 61494
55869 8696
5984 22229
26581 34611
60842 65371
20850 17963
55373 57772
3541 15111
38992 3104
34054 17601
9004 42320
59601 19340
54333 44886
62476 58078
36012 63767
44133 35120
31648 13416
48494 2632
43498 25006
50337 17306
65298 40483
29429 13125
21070 64650
12208 25318
6710 29552
57195 60144
17267 4440
50650 30092
439 9736
5916 56268
17241 31437
36224 6440
6893 49262
65479 23789
60160 61295
14635 33751
50562 32591
54215 26716
12332 8071
34330 45561
12595 24411
57381 41686
49190 44533
60542 15806
35189 61703
51527 20842
9580 61384
9898 38124
32765 45893
64742 33128
29877 41316
47757 52571
791 37757
5434 54765
21726 18327
11570 7440
31608 45163
12078 62661
52761 16990
28353 64225
18441 44224
59542 46106
35662 20522
5781 29616
46742 29332
17557 17450
32271 59741
6735 35205
36280 5609
64093 28181
32814 61746
13859 65205
43597 4880
51885 62240
10445 48214
6225 46643
34474 1790
18265 16969
6801 55215
36529 42476
56911 396
14030 9712
37542 61075
56569 58129
47686 29438
30916 60769
40204 31329
24310 61801
6068 44078
37383 46509
19010 56741
7218 31728
22490 59224
27965 58430
65352 27636
36096 50955
55074 31876
27120 22562
19551 44735
62525 61066
10256 21778
30174 10242
57182 53068
3184 8137
23114 21539
25940 23891
64473 18039
37311 31141
4703 39782
27306 15601
1224 51025
1283 5835
28088 14360
33104 7953
56713 45865
5525 16423
59451 58072
19444 61153
24599 8206
43285 46247
9806 13361
12711 59215
1315 9098
42006 54174
25307 60517
38770 18900
9623 39183
36675 58693
64596 41173
6166 6959
39224 36831
63221 18913
6351 19632
54293 48512
29312 24445
45362 56049
46536 841
43835 10205
46501 54103
61447 1967
54764 29656
47056 45491
11280 27717
49953 58670
45543 33212
14880 24558
64155 36042
6596 26970
43413 44692
24109 40942
187 13215
15398 43414
14720 34746
13632 29532
53556 27565
37469 32026
56945 25300
26359 12626
26495 55720
27443 15146
47143 15532
38546 5274
30637 13956
9685 28334
29046 6827
21401 53765
8541 21002
34261 33820
32258 29070
145 63870
41128 65149
52558 25556
26078 27864
52895 28525
10181 12657
62275 59158
51611 27082
11486 12917
55656 48683
8078 60739
56993 21522
4511 4422
41634 14088
7095 23648
11431 18868
44406 1054
18027 12678
13196 50664
48141 48926
36700 59747
35415 49127
21647 12138
49836 51550
5672 50749
1978 34426
27583 21699
2782 61493
38292 5647
15644 2180
29075 6158
40313 6753
60765 60070
58487 34664
25935 41028
29442 46018
4597 63995
10890 37328
9923 48376
34003 38657
44663 7743
9394 49960
23846 27602
