481 15551
4887 29215
18251 7611
34695 21723
29430 52609
45266 18049
53813 26526
34449 62058
2545 59375
32890 41043
38386 42516
5832 58166
55398 46109
53292 17975
47708 14082
18104 51661
28235 41302
4915 60805
12489 16844
22847 56430
3446 53312
12078 62661
2655 26942
51679 6553
35689 64780
25644 9672
42820 61119
61162 43606
33977 16493
62951 26288
32913 45848
32906 34476
41358 44764
64335 18929
46065 29910
3119 24968
2115 19717
32813 22917
18023 12665
4434 29695
37963 15193
22762 5829
20828 6003
23315 25637
18051 12435
41342 6005
9921 4308
27362 54816
400 37899
48338 27351
2853 1434
2622 37114
18002 36548
4863 22681
9300 58766
56110 51540
59256 48112
55263 26445
56296 42302
61351 4915
19953 61624
38142 41354
47875 15364
60171 9183
29458 65075
32094 18625
60919 22049
11305 37864
56265 38181
39572 4872
55754 25986
35299 12287
14881 29568
5961 46322
19965 46788
61419 9071
48178 15390
34385 16041
8044 51725
17492 19988
21371 26149
51638 26208
23561 27216
1516 13507
986 37825
60529 29793
61245 22734
50228 13630
30193 8991
38439 32735
54100 45218
3148 26751
12063 64340
31361 46260
49218 47708
59091 14234
41339 23237
42271 63142
56422 47890
43341 4039
27470 34744
7699 2109
27612 34713
10415 16182
56696 47700
12287 46105
48767 60775
34450 10038
52260 32971
55391 3896
32300 26697
40665 38683
44132 43471
5867 55078
48212 33837
13678 54680
63832 2537
60136 6173
2821 21163
62839 49281
24710 33145
33783 47040
62321 56019
10762 23678
54540 20339
51311 16520
56424 35264
44102 3773
4784 28177
45622 30626
241 59406
58044 51819
59863 58991
3877 34768
63890 30943
60493 36169
16705 27689
34396 34276
36872 58177
45777 18650
65448 52798
39991 61268
184 1181
44039 4582
45520 13443
43516 55286
57260 30348
27139 49211
33595 42917
9420 56699
38007 4257
30896 2450
16082 54461
8462 26788
19917 58226
12491 18050
31168 25743
6682 59983
37695 22755
38456 55839
42319 38549
14563 27282
8005 31200
55296 61616
35541 32495
5631 42178
64186 61723
54611 7049
1100 49645
4890 47898
18586 52219
26008 20573
20707 13448
23307 22651
52031 16237
24661 27204
10756 43266
35769 19146
1799 13844
16268 54129
49682 4741
40749 36691
19244 13701
29430 52609
40006 35689
32196 11796
62128 5632
51277 7294
56110 51540
51315 60089
58519 57200
62623 54629
43479 34986
34745 1216
45604 11452
10764 8051
22361 21325
29405 20396
54722 23502
3622 51898
23144 46237
6841 54188
5072 16994
55907 6094
54806 37667
50320 53157
24447 11211
62871 13074
61491 16634
56321 10619
53811 35573
25437 19932
30413 17472
35585 6423
45147 21088
19048 1754
59680 48318
15658 1542
1466 30848
32646 44141
38312 45376
1117 35477
50668 24763
34381 49342
38321 4333
17642 11312
56985 42701
35001 47462
61076 37788
36810 459
21481 56122
47124 44286
41287 5750
12854 30088
39396 47763
55162 11897
17598 49340
26199 23645
23699 45619
26951 7073
53894 10963
63913 32267
3972 55808
52864 2413
8217 42366
11246 39261
15724 2340
46132 31650
43810 46302
26473 45661
10019 34046
10632 57306
21467 1656
32508 15960
24315 56857
9986 12332
42466 62015
30145 40905
9912 45094
43459 51500
57906 64396
49870 52070
61680 14121
16301 41017
51341 3434
21033 14627
61666 7023
44860 49176
25768 11265
17140 50088
18334 51090
35553 64292
6214 58445
33359 51890
56657 35041
22446 8483
10814 25811
40700 46864
655 51897
19154 47190
13684 65038
20249 30395
44664 52919
9715 17992
3448 17922
32391 4905
53914 13588
7992 45481
20210 56520
42250 21345
44446 38218
65322 63238
755 30244
1831 14819
6790 30420
34020 20514
43057 37924
35219 10311
32093 39177
63380 54715
954 64219
44467 29289
45172 59881
18633 300
15616 50511
7686 62101
35570 36607
47893 22026
56700 52553
5352 44794
13388 24950
50940 10678
17238 51903
26141 6840
18028 13173
9125 11880
810 13746
21468 45527
36826 47791
31192 55908
43316 12399
28148 62801
18467 56816
23176 25809
20659 22264
48791 48150
38894 62429
30799 55629
39295 64667
3582 26791
22204 60899
51169 34156
26577 61863
60408 54486
11075 55100
39924 52657
18834 11862
55486 64269
34379 27174
3726 51811
42812 4714
10678 43116
63735 49454
17610 4977
4878 23497
32645 65523
48794 25802
58800 63458
12180 65425
63719 15731
52137 62731
36824 49631
31616 64855
50792 16015
38435 16279
38007 4257
59237 40172
2336 25663
9740 51971
64727 65088
29879 45082
2501 29409
58600 23437
55070 51204
52041 103
65009 58780
28923 48064
21401 53765
39109 1224
8449 1407
4453 36860
39967 12933
27722 5618
1877 6750
7606 21248
13006 4204
46178 9714
4060 39718
47915 34002
53478 28559
16102 5673
54156 44934
37399 7329
1411 49289
35758 10975
38835 47425
62200 8580
48836 30655
35984 9107
11672 40597
29938 59894
11526 43650
58039 7219
12019 9167
34369 34679
61031 19036
13217 6690
25534 50658
47935 32304
7898 30604
25647 15237
33949 25149
56134 51426
13786 61598
41296 23235
49417 59541
23120 59429
31732 25616
26596 59106
38837 700
26671 34815
60599 24455
6208 14390
38678 45523
57922 21208
47700 25143
61971 21804
28891 46865
38769 24079
30563 3797
58732 6558
25254 22409
13117 47594
58384 56424
60356 21069
38805 64806
47442 5116
36913 56532
33207 44841
16279 8150
41496 64375
19975 16420
8319 44675
33086 18003
26177 50340
59698 64139
50637 4560
3033 17847
23005 46729
45989 22259
48537 59221
44646 47671
21032 48891
29280 51905
5724 18954
52354 1184
11259 36590
6731 49416
42829 58943
14875 12776
31475 29747
55303 8776
41633 60279
63260 21051
17348 52946
50921 22183
47358 19099
37040 2202
27350 40564
8408 19236
949 26462
18734 55077
56228 13699
47162 42338
4284 12142
51938 57470
41410 61985
53506 5600
57143 59408
42880 58633
27060 25686
45574 7473
43535 43102
17022 33963
16814 24518
59880 7485
54754 59663
2095 14288
17099 3710
12008 62538
6388 61631
44535 16681
11216 61924
36829 38299
22727 64057
35696 43763
10553 62856
308 13476
15816 4316
9750 12744
3166 7271
11998 11567
19302 36305
39366 18537
29870 48407
9285 53436
17071 3406
13946 64657
62227 27393
35152 34682
5039 6735
58961 40545
26786 54627
50756 9769
54605 50785
63881 29748
7852 35825
5059 57036
42605 24911
48990 20187
17448 39403
47265 52891
16588 11559
54469 42881
44236 10671
454 18921
24561 6933
26889 37372
3111 15502
3872 46510
1500 38088
55649 40828
53789 4007
17763 27044
2389 20304
18731 20524
25680 53946
1082 50033
35083 41431
3037 57658
48287 28295
10084 1659
6282 45656
38755 1702
9688 44482
59156 28633
14456 52948
9068 41979
15386 55607
51772 40698
19857 13865
10182 36018
57667 25927
51814 23941
48630 17419
52668 10048
63583 17798
553 44970
3622 51898
36676 34647
48160 15877
31849 48149
1364 22923
11915 47644
20630 20290
39516 11932
56460 31366
64298 2170
13496 43925
64832 64257
48147 33724
28647 23477
24315 56857
30924 60066
50347 22132
58207 6079
32996 24419
4436 5880
10374 41094
14569 42899
62191 20413
4127 1028
62579 31070
4185 13092
10252 9222
40057 44813
63348 14396
48080 26838
13939 13002
40393 25643
53770 1748
27955 59229
49033 508
42689 36087
39859 29865
12163 28443
12503 6963
14526 36903
41385 5366
29755 30017
20543 13129
60564 15842
11758 23266
29869 29645
39167 45575
2797 38459
11927 7883
3342 37984
31882 12835
44766 42003
47907 56679
17975 8568
58179 36661
62201 44490
38281 18511
64720 56395
43397 34817
30685 28044
64420 57011
39684 29949
49364 17110
27891 26658
35485 23149
63565 6839
23535 12341
7271 7877
53025 57496
23056 46742
25204 26419
60691 53747
32475 34788
14251 53266
16472 61717
21202 16155
33917 38765
55435 29732
56430 27811
21119 47860
33684 20880
59827 16854
63771 37358
14496 35401
35374 16111
45889 19923
4963 5158
24393 53063
13425 21097
23630 35297
56404 14899
57118 21829
1047 20669
24677 26190
45213 56863
51248 57797
27470 34744
17418 17738
19981 22735
40307 23052
64265 4139
35617 27480
54545 40235
9309 62952
25827 36940
25272 862
53588 41693
54951 4890
11602 55730
46165 64243
40919 59935
19826 5810
41841 2799
1229 6812
27077 56842
36042 52651
26657 45487
51742 51604
52425 32107
60224 41795
29515 56247
57402 29381
51758 38423
4328 20924
15712 51659
259 31992
28449 46662
28795 47586
61924 32281
32120 45934
62601 10372
51791 56658
9848 43568
60040 4054
51857 58224
10676 41800
62521 9656
63666 29036
42541 9360
47358 19099
29270 15998
15829 12530
55305 20270
54685 7070
58540 16745
42036 51775
3361 12319
31723 42955
18339 51956
4523 7914
3652 32084
33541 37044
33262 38141
36388 25324
51798 22454
37107 56890
52874 870
28753 10954
64885 10003
59832 31067
42126 43487
10486 12511
25126 37923
480 11303
14916 1722
21793 39236
15252 28035
49473 18908
50542 65081
55484 59330
30492 57795
53918 9
7799 64739
27224 20987
35689 64780
58942 3974
58740 54080
54626 38011
32219 46654
19900 584
36400 41536
20964 31091
32967 53707
31926 64274
25459 18498
15575 2253
59451 58072
53247 3364
47732 50187
24063 35655
41349 7693
12427 5767
17017 15775
8529 63820
5219 65169
23884 22130
27642 9812
29495 16662
42077 10044
2608 62821
18380 8873
59762 13842
40643 2321
15523 34731
51400 50200
31757 61190
31018 14367
47601 58427
42011 28338
51115 21954
36934 63787
34732 25370
9672 3753
54409 32261
55905 53357
16325 38028
2684 30442
45813 29520
39044 27332
16111 23855
13505 16501
18015 14854
38056 35363
13465 48957
49111 38025
16264 44789
53619 22664
4593 56271
36946 19149
54048 26668
2937 18495
47906 49267
63154 4937
50327 33694
14792 29705
58845 48170
32910 21358
52904 23850
26567 2570
5317 41976
3026 16525
50837 57384
11603 4960
2221 22851
9032 26451
1939 32785
33687 48411
43177 32069
64601 22615
28307 64607
22249 11046
18892 32626
39141 62316
24512 59268
32072 57250
14735 14266
58977 2301
57642 27196
52073 10800
12186 63105
9067 5413
37438 9682
34205 63414
5632 30434
36725 48870
38358 11806
9403 591
22210 51
51695 36424
41033 16582
30247 6823
16627 64342
25628 16978
39303 33646
13728 46835
34110 64685
28786 57629
30638 51351
30587 34011
23639 23602
32566 54177
51946 40563
15762 21031
59211 13371
26795 30703
30389 1644
45009 14986
39667 19816
46400 21587
42399 12105
22274 24669
45625 40002
37812 17806
47975 24847
36007 28438
51036 2128
23105 42198
30738 56442
26982 22661
60767 6130
14373 52600
318 38736
27055 7199
46469 48967
6021 55363
3381 11170
9441 17341
10666 53241
58257 28116
20398 56736
16644 44502
61455 7625
17748 3893
19114 4891
50511 9249
24395 25138
53001 63143
24301 37143
59589 42018
34593 44155
65214 3014
54198 2696
35846 43730
64138 40846
16377 47941
43615 38948
19973 36227
302 8788
22328 55150
58170 20335
19336 15821
31698 35590
39903 41575
3281 431
33792 44758
12529 43458
31585 65227
53516 50230
8935 47309
16094 54681
26406 15522
1762 5029
12890 61101
26221 29146
2541 61371
11925 51904
9983 57894
58380 43716
19519 58054
8833 34652
42935 36808
29877 41316
61345 55613
42416 29932
29952 13175
50561 30319
51321 1993
52362 28816
44075 6123
14623 25107
55626 13030
42560 5798
49249 36716
39329 61307
34593 44155
44010 26219
40906 63446
31964 39174
24268 19459
61570 20044
25533 55480
34703 38226
49737 43074
59901 21096
55228 14393
40140 35616
10340 14007
21377 39545
14014 30280
35603 10147
18192 59992
52059 24599
52583 61788
29254 52000
2045 54130
50738 64759
20008 40069
63918 10492
25791 22565
56353 14541
53314 7434
60969 8953
61959 62564
8366 43527
64467 58883
59301 9451
12449 57070
24634 62964
27471 28579
3147 21768
25603 37205
47511 61971
10886 10326
38046 49848
26687 6159
2888 50437
43203 60926
25147 57413
11486 12917
58476 34554
7358 47642
64321 7466
36565 44041
30286 26529
35333 40436
45685 29504
52722 29236
38829 3329
6212 12172
21172 44775
7979 52505
6380 22192
5772 34143
12525 25060
3924 54945
30451 49165
36409 6587
65114 21554
353 63652
56939 33271
18027 12678
56140 2559
30763 18317
46319 48494
51444 52964
1628 14395
49408 38851
58448 32780
57289 65482
40441 747
21491 65339
48708 17644
31043 12622
45973 12457
24375 56640
55121 48001
59565 59088
57417 65410
62811 63471
35380 25358
8422 40837
57840 22225
37362 46927
7362 7840
16866 44071
11403 60042
33133 31456
46761 25936
17291 64948
43948 56509
54982 3190
9061 64822
25464 47964
51946 40563
33660 28109
47774 64509
25027 27232
27751 5182
40345 51424
1048 27440
61001 8478
23975 49412
16652 1802
11996 5777
37303 54156
12248 29821
31350 8190
64385 18126
41548 4541
44945 62409
50201 20048
32196 11796
53675 31680
32464 8590
48365 47847
52572 64859
23119 55796
45398 12137
45709 29041
30200 54176
43697 27784
29868 63304
49578 51400
21468 45527
54768 1914
40357 17354
15834 48017
1142 11028
64156 32906
38094 44998
24459 45782
10333 26084
41910 62701
39623 33045
47605 18014
56284 3690
34857 55466
62903 946
52699 60104
44611 30415
7102 17221
15830 41571
22327 64622
9923 48376
1863 3519
16054 18038
47765 62975
19275 21795
13167 35135
29035 57744
51358 55855
15101 4126
19886 49589
13788 17883
61721 20768
9318 18032
26300 5802
60056 59767
57208 57988
35315 16027
59963 62674
2120 38405
40943 36098
64138 40846
27028 28869
20150 42786
31795 25301
24723 8936
27767 55393
15801 28353
38159 7933
14341 20889
35020 37535
12094 9333
49008 39690
25211 57603
54489 5812
60940 55208
20906 413
9621 372
19904 8803
35814 4407
25901 40618
7117 23741
54705 39362
20867 33888
45224 25350
56968 29323
14633 34363
10063 27198
59446 57896
20973 32680
50838 49156
52174 14634
58813 56322
61059 62388
13712 20393
14082 21201
10136 10744
11766 45282
10711 42109
34989 42568
14682 54013
33579 53530
56376 30925
56673 36583
33520 48795
3872 46510
60642 27143
27393 33198
5068 62211
33615 45233
3806 1640
46389 44276
40061 26880
43821 25607
63466 57611
45177 18504
2176 44471
44902 39346
8651 26792
4987 46952
29313 8664
42346 47950
5482 44929
49726 52076
16467 19735
12380 35344
7638 60030
10899 8026
62070 31401
13771 41172
50510 33825
64190 25795
10763 8036
1103 17489
42944 27064
33225 54660
22009 63450
44590 18918
47435 38903
10708 20378
49868 52587
6082 7446
1046 35608
43551 63876
28926 17431
17110 31088
12347 42455
40979 29571
11119 58903
64772 34220
51879 15315
31517 34904
32428 8778
16659 58855
9884 62617
59032 47558
17035 63601
53495 3738
53135 61370
3333 40615
15398 43414
53416 43234
16430 44651
51451 23135
49415 33654
35246 45113
38367 20130
8280 9276
12441 19158
17106 20444
64300 1034
61596 33753
43488 55976
25576 47653
16094 54681
47084 13085
36281 26807
5862 37295
6825 60015
64363 27156
38174 10228
39292 17524
13447 21024
44105 48442
65311 20098
28473 40770
50335 64610
32082 27914
48769 8575
42662 33101
62035 61724
4087 23584
56191 36365
32627 25290
9965 4166
39151 58381
39077 4003
42596 13932
58970 24039
22177 21067
11316 63871
62231 39757
26638 61259
10469 64104
51971 27234
6682 59983
51993 65293
34588 64531
21069 22328
4944 48528
32313 30565
28088 14360
35282 60193
4406 18046
35755 26249
51675 1973
2267 11057
60439 28985
35737 40362
53860 47518
45710 31009
9573 8231
37812 17806
25222 62137
40765 65310
31261 10248
26803 44652
64497 44755
23263 35124
3704 44417
39312 3994
56539 33547
43629 65306
24583 43868
39689 34617
47937 59603
35259 5579
14313 8914
59645 40976
30385 15480
29262 14576
47268 44656
22367 51396
10819 17943
28355 9836
9744 38626
32200 57095
15453 31706
18007 15742
20514 19924
24191 39576
22068 58977
7309 50305
28100 27890
53619 22664
21576 56686
51693 27333
59248 58241
41130 31048
54271 40901
28811 6535
30366 778
56929 26999
12588 52122
44160 48133
25581 46204
49097 44343
16315 52058
61803 65489
40545 42465
38285 19535
6168 29418
25585 53401
58390 11934
27120 22562
32922 42668
6478 17697
6108 33299
59264 54148
33549 44557
36181 43109
3978 44420
49892 19633
20702 31621
11128 32560
27834 54110
62961 31732
6347 15076
59231 51182
34239 20708
19761 23571
42371 15001
3766 6022
9447 54594
30798 2545
21226 59718
17017 15775
14563 27282
57860 5031
57943 57516
540 40383
55456 38603
62173 2347
61617 260
47385 53095
29272 45563
21950 23688
64065 58525
49670 20813
2665 22430
28718 25842
33479 9592
19499 6759
11899 31363
501 65181
26085 14768
8070 30313
53707 53888
14641 31928
31811 84
31968 64023
21169 52830
21382 14206
59349 15402
54993 61930
49255 22805
60140 29663
59700 53790
40428 6625
45261 31631
38072 47818
17259 15330
59018 3374
58630 39755
50971 23999
50683 15682
50106 64170
11516 58961
8360 18865
43538 5101
61925 13999
10056 57811
56415 12859
15376 56854
43099 13791
31941 2611
21212 35846
15213 32649
60324 14253
49674 57143
21901 56254
53919 47048
32270 40279
44807 49114
9700 7828
11995 30249
12931 65529
39849 43155
26012 19615
48353 60280
27119 48323
23043 21760
50131 1452
43876 32562
9658 3982
45224 25350
64308 61290
50957 64797
48659 20802
59045 11728
4991 16744
23442 16542
7462 54422
32632 58718
59191 54636
36229 50526
45851 14605
59344 60135
13160 47176
12339 15738
44398 24205
36478 26002
56289 25480
48676 42885
49768 649
27436 36039
27529 59114
7607 28428
54624 38643
12380 35344
16159 7746
54008 48834
28166 19065
65305 39614
58683 60733
33294 24983
30820 25951
34604 46288
24000 696
13131 37628
61902 26055
65111 26977
29608 42750
59612 58776
61617 260
35153 63823
64300 1034
19130 56973
12239 49065
44795 9865
22858 19785
2080 47026
10466 31431
16363 44779
50680 13132
6101 34177
60283 64553
53776 16056
45866 39401
57531 18798
53357 13531
5233 15215
41508 11924
9494 64630
3234 64303
16231 47461
33599 46390
25292 55258
1690 33457
5298 62526
52714 39484
7883 62215
51226 48345
3918 42331
5177 35106
34251 7592
22507 52119
1969 44687
48762 52666
16616 3209
24630 59000
4489 18937
9606 33042
46826 45516
9228 56257
26960 23734
18669 57260
59325 44258
27762 17081
33458 16477
25397 21344
22317 46801
41054 13247
46399 10109
60936 22211
48165 46674
34816 49362
22278 48551
33783 47040
37453 41657
38801 29256
40686 13601
49583 63033
48565 25865
25037 25394
35002 49711
41340 6768
35475 41324
9282 3256
57201 17678
64662 33098
38949 63948
5300 8315
33088 27958
4264 36297
18238 47059
3856 54245
19537 10701
38133 53449
22945 49815
10042 9470
59431 20540
19737 53550
14219 31870
49313 18200
24420 53222
8264 59872
28851 27531
34761 4042
22929 15011
25079 2009
13311 47948
11816 21560
18837 56870
33033 32555
61583 35343
37118 48578
47591 3353
65133 43072
51970 6982
1680 35774
24687 3368
5951 16587
30621 13620
53780 5287
3103 20158
12064 65157
13874 32751
19930 20316
5989 7214
26365 53475
9540 32322
19034 22150
39963 10666
32070 2420
35476 10823
26329 63685
214 8229
43910 7985
10653 17625
30398 2829
25056 24606
56144 48011
56195 56916
63155 43347
12136 38053
1556 28650
27311 57086
34999 7290
48041 63035
53105 3632
61651 58725
18511 46334
54348 13402
31635 59218
56170 48619
30513 43601
10711 42109
63744 55067
62736 34536
41059 18023
41436 6467
53612 6354
44944 52068
33604 48041
50216 60623
4847 51017
54667 20334
28344 25344
41900 36843
48825 50577
23277 4966
45296 1648
31107 64251
52781 45786
32764 64502
47120 59094
29996 7147
44697 31253
5500 13739
25599 64603
21978 35734
16165 23845
10221 59535
49540 49607
54611 7049
61055 40302
18740 12811
46146 42649
59123 64358
24046 2823
56470 39962
36268 1423
1910 1606
29568 39643
23700 14979
52950 18329
32898 46012
51671 40857
57780 54409
21154 36
6817 30976
45984 20770
7181 3537
35963 48047
3579 10336
35791 15720
25406 17256
43448 1998
41782 24199
11990 5570
32775 57486
10251 35021
22552 43883
8047 46039
56539 33547
41031 43080
62116 41475
25545 42091
17727 15709
37612 47217
50824 23416
63242 60881
34449 62058
47297 32353
39913 36152
21342 58085
12805 23281
45446 33634
35166 60076
23687 25953
31603 25403
15929 30315
61440 22467
61006 19762
22759 38083
25287 53844
21456 46761
32395 31211
50021 39706
61325 21524
14817 9370
33057 19488
33337 32288
26710 878
9229 6101
11273 39562
34278 19998
40726 55888
46267 50946
26986 22656
12544 14470
35085 12029
37743 5397
57014 40122
7036 35442
7069 37248
7387 24674
51056 53947
55112 59047
45531 30023
24460 56245
1588 53178
22795 44016
38714 9820
57010 6058
46256 209
61262 47725
1780 2780
2029 46722
52397 54308
27141 49461
17427 38671
8805 49355
11912 569
42910 2630
17774 46141
41301 39186
29492 64498
2552 37616
22395 46975
35129 18734
38591 38478
37411 42139
46358 59233
42788 56799
55848 35709
55513 21158
34259 15565
7793 60438
46468 37322
41035 21487
27704 25504
15389 43450
45612 27675
784 26995
37482 21855
46176 25123
34350 42565
10496 12814
58340 43783
12173 63763
56553 58996
55791 44369
44387 18229
50297 63275
18790 35602
14357 59223
57843 56399
11139 10848
39712 20945
62037 25177
26508 57983
60749 33596
41173 19211
23809 28337
56208 39774
32506 46780
60144 23925
54058 61553
4842 52409
6711 58324
31219 39668
21067 59786
50205 34715
31820 15976
2465 56296
55265 37240
21677 25554
3267 7309
57848 2059
12703 8247
43057 37924
59660 4527
24058 11817
6312 59645
64717 22827
60755 39569
48738 19029
28134 56073
18807 35759
34953 18771
9110 44976
1711 65245
54467 42433
56162 21471
8678 2852
13364 38854
16914 58842
26994 64305
45166 24225
13370 43056
11457 34636
27781 53833
63666 29036
52302 28159
34230 11023
37818 32583
40076 35298
42222 35720
16431 11883
36171 12870
12338 1100
11376 39498
57799 2907
64530 49420
65018 64781
28042 31150
65174 30151
54301 32528
13078 5967
33206 34886
33506 19035
39684 29949
25510 37010
12358 55879
27311 57086
65375 9269
31985 13253
46944 28874
38976 3954
24841 56728
19703 3747
63348 14396
12511 1791
42685 50334
19493 51021
37283 6851
13549 21757
33113 20124
23162 52368
24296 23472
47662 13380
41843 22258
62454 31850
51506 18679
36441 60784
1878 13308
21831 823
28877 24863
17288 62394
52553 30525
63083 12676
19230 38629
32906 34476
54167 49724
39021 26863
19772 53441
38788 65396
43547 198
57085 7071
46547 19210
54256 32538
36240 28161
33106 57712
14575 56674
56504 59166
48722 20312
56748 3832
55002 21952
13626 65342
22540 50373
25778 64304
30932 27804
57527 55276
32697 63426
58896 42368
6946 63811
51755 64424
18933 29878
15977 59024
17593 16762
19929 4132
5151 226
49648 26409
13246 25196
29237 23292
45186 9951
23282 17251
40330 854
6730 38285
47280 43383
12428 59085
41619 8745
32343 57128
32541 24688
64222 38298
62144 41371
394 64105
60313 19831
47289 43431
15296 43162
21213 2403
28386 18724
26854 56068
53703 56868
2000 49823
42448 34373
12925 12894
17760 47506
48985 40949
51484 50505
53460 54352
36055 39967
41284 40819
25982 392
53117 13557
28578 55865
64008 33809
1198 9291
11873 42230
5260 65465
47133 44979
54462 44685
3070 2971
11022 65010
49740 26690
62099 50885
23116 28625
14820 65392
42094 38674
47770 36963
15442 38383
18500 45753
46096 63925
35639 28957
56447 27979
38784 11771
60487 40843
52755 18321
57838 25696
50044 29218
191 6447
6314 30805
31711 55645
60578 53102
2029 46722
58988 5331
26244 671
20676 22849
22840 59659
60695 41308
9339 38988
32162 64319
20545 63828
14751 11754
30715 35476
38127 36932
19326 18293
35824 45522
23521 19744
27065 25942
59335 21938
21604 63
8730 1963
22324 28343
4597 63995
57943 57516
56772 62924
43648 30949
5661 51203
25239 43021
19482 58937
59686 37273
54219 54020
29866 41087
20739 37735
44338 19882
21572 22695
39060 12692
44355 42767
63278 14252
45338 21740
13634 40201
38004 41887
8235 30339
30581 37782
2321 47391
16491 26765
31729 51383
54523 36142
19314 40613
47185 52845
12728 30248
7269 6848
39600 13391
30179 21403
63566 44674
19773 7253
47228 36896
6878 5892
45300 6938
1454 55809
22857 22655
14924 39004
22914 61569
42674 29819
34884 35050
52160 1263
61745 27560
10545 33261
60971 22386
31861 9875
31730 5368
37467 50188
5795 4323
31848 16804
35341 8695
24254 18730
2359 3963
14881 29568
25334 51075
24207 10857
30595 63705
59780 56708
14595 8698
6639 4393
59635 44215
8248 64344
40044 32129
62280 61554
35378 6394
26794 30536
43317 35072
11893 11499
65264 12
39975 19527
41100 50915
10240 62320
35034 47868
12961 63331
16638 13534
15875 10757
27004 60908
30175 18514
1603 55641
35393 65166
46050 33246
33485 49990
13859 65205
32393 32156
44789 26605
29250 6701
51732 65086
63155 43347
24645 33344
51911 62649
35380 25358
6926 7704
19849 18277
62467 43212
27831 1368
22104 41565
33885 31166
38007 4257
23719 40029
27179 23900
35224 54224
54745 34443
44535 16681
29723 17227
63067 62944
13005 22621
21853 7150
13519 57836
32218 22995
64023 13584
36758 41422
4710 24496
14602 18836
46338 29545
10163 60304
38023 53248
22113 37228
63996 27553
46927 51575
28348 53786
40193 44607
38611 8973
50126 25899
48791 48150
26379 28342
37237 50079
59363 59702
6827 48532
23656 33869
602 21075
44392 14318
10358 53325
47684 60277
11377 53369
4042 41598
19256 37146
24464 19844
53776 16056
1765 54606
58203 48036
63767 50418
59655 45382
7368 26128
44619 9610
6163 45294
24275 15817
36329 1058
32876 55354
33758 39506
54639 53798
6054 23102
22243 42278
29423 44539
10046 37089
38806 31573
17365 32296
35828 30992
20270 40863
47007 25118
30457 30735
16067 35924
22348 36900
40126 13947
11970 23931
37789 5350
14180 9888
5187 8602
44376 15236
22595 44709
21892 59344
7274 49526
38973 25628
17855 10141
36792 52540
41315 61969
59961 38342
11673 39542
4622 61171
54223 12058
56381 62687
54465 39465
19423 38811
64102 20942
346 49241
33383 64042
1747 30400
10659 32401
42391 26593
42511 9818
23655 25412
12856 18515
51977 6921
9403 591
54026 24338
40170 62303
3035 17620
60661 60903
50771 42060
51848 18035
49382 28203
31918 52052
22997 1223
11053 5119
48489 62591
56587 5143
12450 3059
31241 32101
39213 17523
39833 5894
53215 35920
3325 43273
49078 30477
14665 59979
61596 33753
22627 722
8541 21002
25153 49646
20866 38261
9953 50730
8963 4746
52190 20730
5421 44074
48755 38564
47725 64510
4224 61693
390 56416
49362 17873
17997 8304
29412 44524
19516 29193
9885 20377
8231 1097
54986 62017
50367 49312
21987 30406
56145 61893
33875 30039
14459 20953
14417 30064
46731 14759
61786 11900
59703 58201
25197 5344
52145 54787
46571 26795
36181 43109
26515 3520
24086 38408
14054 17313
43373 64794
63041 29884
34120 23082
45210 22070
33686 6859
31546 61791
37565 6383
47705 20982
24667 16488
18172 29460
52984 3002
20189 23001
61166 55044
61440 22467
23288 3178
48469 3240
23437 8875
51383 21226
53696 29915
22845 34330
10314 3363
58845 48170
35778 21066
50892 51593
17732 50492
40771 27202
35050 52204
19103 44572
29162 22965
20673 11835
18045 16164
13069 56188
4815 26709
7263 59933
31966 37901
45895 10015
39015 31274
3537 56263
53326 17255
51662 7352
34770 39653
32981 43289
56342 55156
30915 55470
10673 41920
20256 49263
23147 58495
21199 43614
24344 42039
20696 63534
22439 37170
29819 60807
48025 52178
40120 61225
476 11612
42808 2930
59351 45146
8113 8279
24789 35732
55421 28609
37250 52842
26919 18583
28735 20075
7809 57526
63538 16151
24529 19850
35010 61207
43069 31655
19109 21270
61833 56342
65323 63606
15480 5980
27806 23914
58955 47235
16315 52058
14289 31663
10672 2370
6326 37680
38134 30713
31721 48485
50670 58080
13014 57551
25862 10911
49844 48354
4436 5880
23876 34751
17847 49292
53495 3738
1889 15858
2357 59691
3208 11940
15345 53582
11739 21091
51200 47801
27637 18244
64255 46303
29404 24163
16791 34955
32584 61426
8779 53528
37745 13564
13751 47526
6664 48759
62749 54280
52420 5504
43272 26388
46175 53918
32230 51662
46097 36206
1841 3598
34186 36659
55896 32381
56342 55156
64779 63750
38521 34821
15719 28027
10589 19318
6397 18151
12079 59032
7633 31857
39952 22861
11310 64293
59250 57763
15189 17046
31000 5732
51150 19061
60094 49562
59185 17100
64138 40846
35372 4373
50635 38542
4405 6902
17705 34770
29132 56050
29939 5896
60105 42867
7273 46213
44037 50778
24568 28479
64652 38460
29791 39105
36325 37605
48971 40203
1764 21432
51087 47820
12196 64088
45720 24886
41019 25898
9345 57371
52368 55328
16400 32326
7824 58471
17485 11167
57123 60360
17238 51903
32921 22778
63863 53148
5568 43946
1232 49431
16089 34477
33233 52440
55881 58992
27788 47222
39784 16527
25677 27120
43948 56509
63774 11864
61082 30121
45667 18181
45056 37662
31630 23469
17279 48879
46183 10712
3329 62325
15745 54667
57919 54292
9143 36299
39374 27071
53085 26703
32608 21604
12540 16610
14772 49963
21873 63566
20314 33974
48158 47572
7698 39516
1779 54254
36244 42502
44058 16187
39673 47944
34351 11039
43923 28431
62631 24326
57074 36595
34911 49236
9692 55000
42006 54174
12906 35728
23202 36697
16614 59153
56437 40196
1570 44470
18056 63668
9929 48240
42492 17876
12758 49879
27581 27824
45791 23524
36838 26300
10733 45766
28668 61828
12389 19208
52944 37486
4883 45750
35356 59385
60204 20517
62635 20513
1678 53799
37880 56035
2363 52882
46224 22810
2552 37616
4163 20706
42243 9353
27061 56069
2956 43819
20851 13883
25234 11101
695 25524
6039 51344
15268 29405
61269 815
58867 25653
3828 19966
1596 52482
30488 29965
24724 64733
61289 54296
39264 22008
12257 13437
63857 60067
35098 60892
28586 29429
15172 29901
4211 9751
27963 45738
129 11953
41996 18682
32950 23865
26974 44832
36868 32488
28668 61828
42520 15659
18745 37465
50799 53871
51471 18249
18646 13795
6675 5544
52262 64578
11050 25641
38739 27290
47394 36003
42018 50428
5114 1952
45770 46527
3822 50787
1084 10655
17730 16618
34067 28612
26914 40256
6257 61123
14198 30890
55477 12646
55111 57624
17648 4375
20867 33888
4087 23584
10014 23746
47915 34002
32478 65074
13034 55696
52322 23296
59767 12647
2925 42207
4192 25917
40058 15603
30751 1685
52008 45439
44537 34616
62529 4170
40705 13178
41162 1921
54392 61245
33068 50249
43643 21891
7245 27505
2652 15466
60405 42024
45849 28092
15724 2340
20704 49002
47330 60154
44079 56669
11497 13759
53595 61040
61793 20503
1680 35774
21789 50262
39297 34528
53281 52763
42346 47950
39268 37035
17507 8761
63410 32453
32853 16599
45192 56480
50956 13625
4730 14869
61612 26585
30040 49056
51820 37344
25196 43238
29436 3683
59253 14368
52345 780
27320 28133
16965 18666
10955 56527
53469 25904
38187 23893
8096 31544
57914 46465
41242 30728
60070 57999
38693 63276
36743 45949
4477 34408
61269 815
27437 38589
28383 64975
9215 20253
59417 57350
55120 61888
51775 23526
5286 15225
9564 19583
61927 34424
46028 61473
61163 23826
42503 33391
31732 25616
54249 46770
62822 54536
13421 32590
42883 14912
34649 39140
31658 34264
38763 17336
22017 38211
22538 4314
52082 17264
28783 8935
44580 24151
28688 61967
17602 23034
21253 316
5381 64040
11242 39141
49436 15128
44247 48634
26657 45487
10944 29066
61176 56595
40137 13502
7187 50618
57488 48398
12503 6963
38546 5274
55356 58065
9940 17098
46151 52959
54087 28211
19897 55640
54999 26726
33344 6049
27962 30727
28023 14356
45553 29255
15428 61269
23188 34943
7843 14176
58354 23140
22163 4866
60845 45560
42200 50199
32106 19077
30209 2064
20124 7580
14081 42844
39478 17894
45372 28839
46951 21125
5932 50347
21064 58416
51370 46360
7745 8917
50544 37980
47312 30405
11330 65152
45694 29837
3781 15156
62429 40713
26250 55386
319 51565
27927 59538
17435 26056
51599 6213
17626 43583
28862 47229
47860 47286
1455 64220
38683 33224
61706 37246
18202 58714
26691 18419
15563 9327
11912 569
34374 29092
22555 43335
40878 51188
25459 18498
37586 10981
43752 54590
23460 753
7447 4828
19359 11181
57152 26662
49102 54449
32533 9834
49479 8821
35311 11903
26159 42360
58897 22587
58004 49054
57411 9745
29095 4902
55332 58607
41926 62187
63793 30300
57018 25770
63525 46776
51802 65141
21030 12691
40324 20848
578 37182
61385 30643
32334 7136
59754 16861
49709 50671
20688 16470
16048 3866
22409 61760
12808 42837
11368 11590
930 28105
26724 48472
11700 20407
19281 60893
26273 49668
63894 42405
24835 50702
19056 50688
44366 48087
59658 61360
533 36238
22288 31066
24974 6808
6806 53698
21560 63952
12510 54473
19 41797
49865 47410
18309 46939
10148 13697
8997 8411
58794 17947
486 14382
56862 46695
34307 9847
35837 14604
55262 9217
21978 35734
35006 37819
37767 57344
25154 40459
41408 54832
2900 36549
54370 44845
52407 37286
50511 9249
5945 30760
6089 6584
49612 10633
8927 35989
38205 16716
31051 46964
54075 42402
10385 17371
28513 49001
19676 44553
45345 63212
55592 45297
31353 8120
63133 6781
19276 41918
3767 1485
59443 20659
59824 42274
56923 19186
39053 62740
62424 12966
16372 34792
64919 33460
2126 18299
18901 34767
57201 17678
52912 25854
19220 19339
48308 41
32454 37565
31322 32878
57710 57045
54341 4176
5869 52035
18175 40347
56196 19916
8298 10399
63768 37665
62749 54280
39549 9184
41039 58206
3571 54873
15809 54009
58511 61609
26006 11231
11671 32448
51010 41612
40950 15902
3039 58595
7126 36306
24752 44111
23935 58475
23616 10581
9870 22203
54093 58540
35939 5301
11422 65066
46822 17575
43506 35448
26001 9693
23929 59798
35269 5107
36286 25702
52830 21476
5686 14964
10263 11171
23365 43931
14224 50070
24751 26201
23604 24527
33427 11595
42678 35568
30907 60813
7100 41900
19585 37392
9281 60592
20460 61407
21295 7761
39323 7366
36087 35271
21094 26191
29159 44070
55310 65008
60026 4965
48460 11293
48543 34977
18659 26016
24960 31759
17680 3917
26776 52191
10269 13870
27823 7161
57130 64414
49183 44610
42199 46255
36894 42967
1809 40247
19821 19083
14934 44531
40266 31281
19559 33556
18397 20380
40736 64647
21481 56122
21182 12262
16950 29213
36309 31836
20551 25952
20620 63096
815 36303
49665 41391
31507 60986
65054 65064
51298 21231
53080 3048
4145 36732
48243 58250
33182 61922
40191 24887
8207 32047
51260 14771
19240 51591
42739 50314
47868 9867
23392 55282
33092 23274
31949 57142
53344 46606
20478 20645
42496 21419
62699 2874
17862 34592
37455 64587
46950 14073
24975 13163
36142 1415
59925 47050
59702 64354
26854 56068
58657 11002
48460 11293
39375 20577
40201 26801
28573 56016
33049 4142
40246 5845
15874 4747
56466 30556
8566 58189
18044 20414
28101 52188
46902 259
43306 64670
28341 21495
26260 41000
1017 32522
53341 12817
11224 29885
35694 29456
58290 62866
6725 39421
54917 23722
36728 1578
18943 52551
56056 53793
27331 28478
63065 37216
53746 54059
1551 21939
57287 58049
26473 45661
53456 27414
24543 11549
36912 20763
58634 41072
41788 54989
64469 52557
31468 40294
44309 52183
20630 20290
36516 33738
57955 49722
33206 34886
20711 43174
17108 65436
13914 25949
43536 29470
50767 40228
18857 60120
61014 15268
32958 55055
42616 10027
52199 47823
5854 3864
33052 57390
37469 32026
54511 35153
64200 12235
11570 7440
23712 33569
49823 42047
61501 38477
30959 59213
45047 4892
20058 58802
38199 44821
21608 33949
39288 41081
4436 5880
50654 18212
64512 45905
32838 44722
10737 43714
34055 53470
47747 49653
60812 46365
20022 43284
17721 29376
62636 22673
19535 34854
3596 55001
38142 41354
15438 11441
14346 52185
53971 36773
13254 55539
20722 61825
48519 60086
9250 899
19208 995
25406 17256
9505 48655
36252 47069
8174 28994
48300 51943
48830 12891
38526 26535
41235 59226
30937 17688
45052 37993
22034 40645
19275 21795
55397 14224
58919 7505
7871 8401
8149 13961
22697 827
56767 64450
46162 18170
14275 48544
61949 46483
1749 5166
33314 33073
13904 45882
43095 28356
9482 2756
4003 21555
57615 6517
31035 41201
41043 19118
64473 18039
19468 42617
57452 18832
18139 9958
36471 12492
35623 6456
38306 30418
62276 3175
14229 39129
924 34538
45423 27238
29691 54478
29722 4376
24564 20693
48880 12775
48042 24005
9270 59099
64392 41098
13513 42301
2128 48007
25253 44639
7392 41389
36099 43503
54535 39320
35007 13120
65030 47815
10248 18196
39347 7595
59110 37721
41054 13247
4004 40971
27598 9035
7231 41904
52405 16758
2291 16763
52659 47613
64102 20942
8385 19955
11541 11177
23035 34896
59996 7015
30089 64983
27885 4067
43468 45733
41409 25730
60211 10158
31513 43066
18992 30718
51434 48329
47390 33595
55897 34859
23366 61525
31603 25403
6899 35577
56243 26497
20840 33938
25122 37940
38281 18511
57841 17624
12229 27764
64225 14800
11485 62223
32239 6551
51709 51380
25909 56312
52424 39701
38452 9902
49740 26690
44783 24632
17989 5202
7326 41157
60618 52138
37182 3560
16196 59782
14134 59228
42045 38682
16290 16402
47863 9347
10550 33767
54438 23428
27008 4026
38381 4188
7369 42870
27783 45725
14848 14980
32473 42840
10672 2370
61742 10871
13725 8625
39214 15474
17134 44386
36010 55688
18030 47494
9649 7529
50741 30351
46650 30290
4070 33976
2415 22063
41525 34574
20759 8974
29274 2339
37856 64925
9152 28992
14902 48697
51836 39689
9593 35538
10837 15977
59351 45146
37445 63628
27050 21217
48815 43847
54834 65498
7652 6716
18265 16969
38437 3711
60823 661
55129 49109
63883 50635
18079 62023
59865 12500
11792 29586
42318 5353
17212 42860
3802 20596
18817 30484
6583 47412
50018 9326
61380 22301
8915 34597
24637 14001
50851 55299
47450 41084
13474 47329
653 4684
17007 25700
28544 48359
13076 20240
60109 36596
31114 62067
25036 50298
9956 48678
53820 17279
9541 14651
29804 56355
57587 21435
8891 33736
31015 31775
15121 46676
34103 16769
2480 49727
56704 37069
12024 15167
47710 11921
15427 46162
30542 2468
43585 25384
43377 18811
10448 38353
46854 59536
49132 13239
63359 61413
54143 9275
5519 3395
19204 26973
36266 26817
36860 41155
3577 16649
26115 5081
63208 2646
24260 21138
56263 57889
22894 22498
22549 52187
51346 13106
13653 324
20073 2106
61570 20044
36328 19589
10554 22688
37616 28256
6128 6107
34875 42718
28578 55865
18982 25903
39972 58867
24995 50599
51309 44937
18382 10050
31362 29931
63076 56340
42915 4014
41283 17048
3655 1581
28597 33765
17768 61674
6075 25479
37697 47854
41499 62838
16995 25485
15458 38540
6632 49649
42451 13352
41280 14344
22014 27356
57659 65491
7061 46646
17054 56983
389 40024
36214 42803
25275 48985
39887 46863
41688 11550
59857 14480
23413 30539
13572 10657
15943 26919
43741 48986
11648 15616
31682 39088
22655 21680
63907 11984
4116 25353
27255 47100
53762 44441
2444 3275
50386 61998
43240 58727
42565 7083
1848 63406
48568 11276
50298 38313
50726 50862
28575 35062
3592 48756
40144 38733
60998 65122
30483 16008
8601 31453
36926 61826
50558 31165
47103 21726
22748 4001
19846 22414
10363 32116
39981 33827
62474 21089
30099 6973
7630 49361
19869 54938
47943 39288
63870 12869
4176 28475
50186 62889
30432 65394
35755 26249
54464 63657
62358 60093
21055 53559
15973 30771
31159 33567
36688 363
37381 1926
24328 21354
10614 19976
10211 57950
49739 62897
41844 57065
62350 65162
28140 57982
7953 6292
32632 58718
59464 27705
39351 61346
273 9223
24236 32943
59802 48942
697 44856
64470 64200
43023 33943
53643 32193
20847 43505
27336 3818
15080 30205
44402 5492
12816 45701
39674 28691
15035 9308
42140 6217
63404 11693
16670 9491
61142 59773
30536 35997
23791 14781
58329 61296
5974 64097
64717 22827
44571 25539
38821 27080
37303 54156
38666 61782
26248 64669
8022 45369
11437 2661
34294 33392
52818 33423
52385 13089
17942 33458
43208 31892
20537 57511
24464 19844
12633 47606
39243 27497
63791 43065
25593 55441
17305 6673
42576 47481
7996 13572
33529 59323
23266 54720
13906 15194
52000 40148
36018 63607
45574 7473
32254 19095
54017 49783
21510 17773
16722 49336
65095 2221
63876 28875
57086 6807
53841 37569
56159 39303
41683 16088
10784 25788
6764 12034
21576 56686
22412 34153
43330 14758
25880 56308
65107 19740
53227 15975
15283 16426
63427 8565
23980 41225
33492 14556
40202 25594
31691 45908
11023 17452
43668 56780
24197 32258
14671 707
2509 6875
41586 64921
54210 47196
35546 31304
25491 43008
12686 16883
2977 35043
22294 45572
46397 50457
25802 43885
64347 26251
27146 28298
31647 44555
44315 14637
1906 24813
45434 15749
10751 35909
33217 32951
273 9223
9436 7899
61582 26591
1948 12779
48553 24089
33345 31948
47218 16324
22677 6813
62557 19909
29476 47913
23770 59701
14458 2724
1157 49493
13349 24587
4293 17987
51667 51489
50762 31416
41935 2993
61339 15512
25570 28630
65479 23789
54728 58386
16521 44423
51082 4939
7614 50615
53181 34417
19670 13270
6526 45186
63109 29578
60812 46365
29220 5932
9495 52131
12131 24797
47382 47460
54292 16154
62870 5795
1294 55969
22381 31658
35659 65461
56050 55804
13255 4948
25416 52012
29789 30241
24305 63841
65334 27252
28837 45835
30267 41889
17689 15948
22927 54116
64738 36400
22800 44601
16204 23356
24027 3629
1489 32251
9950 22436
35570 36607
13672 35736
38159 7933
52083 13675
52107 23464
25838 5785
47699 65530
61753 26730
25367 47277
24385 5347
41512 23853
34705 17367
21967 16747
44208 23730
20501 35739
5484 53053
57775 31489
31256 28781
22966 50601
41803 17633
58793 38427
59552 7975
65230 1916
63664 11884
41465 56230
50677 58365
54786 36818
27254 65150
47179 51707
60735 19401
18588 47058
4548 32840
22659 21703
45406 27131
15822 54038
9018 1104
7877 41109
50486 8196
55034 3108
46307 50850
41915 29217
46380 27467
37045 6694
39899 17917
20383 33817
23772 45411
53004 13771
32548 35299
12960 61141
16300 53435
20371 55161
61830 53430
33414 38968
35084 12248
42995 12599
36018 63607
36548 59109
25221 61084
9601 35180
40397 39358
39420 54125
40650 4971
16223 49399
47489 59765
35156 61901
12420 22254
20506 63147
19838 31014
16342 40663
12669 46339
15491 17662
33944 46062
28937 6230
65252 20839
46427 51511
42219 13960
37042 44834
47934 21914
33194 43829
17174 50040
16527 15773
26631 23321
3536 40144
52828 25197
58989 6366
53469 25904
5237 13970
40872 60055
21316 34998
29324 22790
35850 12967
55847 7054
65377 40632
36496 56160
54257 26994
61296 48549
35920 48555
43204 55380
50666 36028
48545 22439
23640 16945
28082 17096
45943 33139
17124 9068
52142 63303
12093 63519
2107 38909
49183 44610
50940 10678
37256 45843
26338 37755
12911 64966
47493 59982
51029 46470
27529 59114
31017 30895
24621 40839
26868 10625
4588 52038
60770 31317
6296 49184
12695 6870
54404 43817
45751 21129
15471 9837
39060 12692
39580 26874
45262 3584
14044 18323
7385 36534
39013 51423
57564 34634
62782 30392
45184 3665
3619 44902
37549 32380
25728 32438
20750 25446
17777 28720
52637 31054
3071 6179
34318 42959
13189 52478
20085 44419
30931 63688
35380 25358
28905 47192
21789 50262
14515 24589
11250 28898
37821 38376
55747 56387
58990 26042
41721 19071
12800 17017
30969 60406
33296 46161
7602 43461
57919 54292
60484 11662
11499 34172
13487 20250
7070 45423
10393 20450
42503 33391
59623 51418
1668 64118
6970 32575
51413 7316
4185 13092
3352 64782
19318 16491
11917 55601
21693 28448
17880 10789
51942 64978
5810 8317
17415 29629
26064 46542
2696 31012
7797 57513
9400 46371
48893 29183
15318 46484
37790 21995
14525 46698
49463 16684
61540 21927
24099 37929
33790 41161
36792 52540
56624 52459
11442 15803
40135 34295
54349 5809
16051 58167
27595 26171
60578 53102
53118 5924
58056 31673
57421 21644
37161 6460
22036 31392
58460 19545
49481 40096
15435 22348
13146 49776
57113 62111
64242 40091
14578 46924
48835 52292
10114 43467
30090 22262
24649 64984
14736 42155
11040 53220
65448 52798
64639 12853
576 58927
64204 10122
31743 61970
36722 57962
59010 65188
52514 61740
40928 63095
1591 52731
9440 49716
39912 28978
63414 8299
58793 38427
15555 55543
11345 58819
57502 29860
56798 26882
59066 63981
47780 25847
20745 34984
65127 62574
20418 3698
28399 40313
6368 9286
2105 3825
15418 46224
24613 1584
53458 46134
47983 41549
11514 2097
15522 11449
12985 29511
13739 12568
47921 63934
22360 20020
372 49835
287 27124
59763 47848
1174 2597
18303 19714
46579 47455
36638 60244
42397 10241
59355 47992
39192 4473
61961 35272
33757 6385
46466 32217
8859 31859
15612 18884
64795 40155
59229 28877
28442 30774
5825 3860
3731 17327
36403 51696
58063 43122
52672 61868
32366 5918
36281 26807
22772 21038
42697 29441
36486 11622
21171 18042
3536 40144
55276 11881
33289 19233
14658 60971
44759 56319
63359 61413
15117 27619
10433 58736
2026 45448
62483 36470
7730 33265
50971 23999
41820 48366
34956 8157
38811 19491
64298 2170
64907 38984
45576 1605
53245 5399
59485 136
32033 23577
47275 26683
9471 41137
23896 5988
62344 38975
26453 6054
7672 49185
59968 52698
25612 25211
50592 63834
59052 19094
6052 4276
84 43329
50594 45401
11340 59963
41781 59469
21397 20790
15538 966
14173 6182
49688 37509
48859 44306
616 39746
1778 47626
49481 40096
63833 61037
9474 47875
50272 21315
13878 17365
23590 48465
15706 39374
19744 50612
56204 59531
17628 46020
14622 50
13102 3298
31037 64766
61711 30687
12282 3266
25131 4876
10588 43120
47830 54683
2772 40851
16223 49399
15827 4699
57967 4628
39982 62247
37209 54812
11706 29495
49827 11645
19331 49235
59438 47550
42565 7083
21289 54282
50672 39736
65341 46618
38455 19480
8870 31426
57365 53804
53909 2916
34865 36817
61386 60295
34124 7017
35731 8397
12782 11762
48953 69
9690 20606
56752 37433
24534 17460
25409 55034
15200 16991
48121 65282
25974 12303
44365 4372
60547 16845
40623 32153
51266 44195
42232 11140
974 25359
60857 25501
23076 46282
12957 11569
59243 35769
18363 57008
58006 12971
27916 48288
5526 9584
29122 1972
23555 33366
32034 44161
26908 30561
56334 64682
41786 1348
52383 36262
4554 28462
56193 8314
59003 58041
30 22166
28722 3097
40110 23218
5930 5460
11764 34241
16620 55050
1335 52142
46910 53575
51704 64441
20877 34837
59920 24977
10017 31927
25370 45623
46027 63633
37701 29145
24824 44603
52668 10048
31437 8982
59352 46890
49016 9539
39699 59660
22549 52187
28385 11935
38680 19660
1279 17445
35152 34682
40490 24563
36659 57846
20981 49164
32870 2463
17902 18434
341 8604
52476 2113
57257 26774
36534 11020
9951 34760
64851 25928
47026 44092
20388 42045
37361 3556
60036 32315
14808 33946
46814 5454
6493 32368
19034 22150
39474 27546
9255 5463
54075 42402
4499 8042
39575 32890
4361 53549
1977 61601
41683 16088
1642 34016
45686 32167
55999 13241
38969 34255
31659 44400
13012 15376
62649 55553
56760 53591
49965 30952
3356 12251
20717 16260
6633 40953
21451 51047
18839 41853
15055 43862
27178 51322
38750 21947
3332 30934
31058 57643
19454 16345
43891 51494
60122 32675
22166 37194
8770 10692
27830 53246
48577 30564
20067 11834
30516 24668
14431 50094
20625 20145
30368 50880
2788 19760
28329 40025
31368 28829
45059 3937
12868 49442
46918 6574
48490 49708
14935 54361
35894 57472
43603 64286
20517 5293
39280 63895
63821 50623
40189 55686
39552 8667
34748 5323
1072 40926
44393 4860
26814 64851
42709 36336
51800 64979
53703 56868
17028 15462
62762 2355
51764 20695
25142 62648
25975 12690
38922 62582
21797 2487
37571 5170
58883 40358
8098 28516
56753 143
18668 1030
10368 16167
43013 38153
44502 724
27369 57082
56478 62218
20858 40878
25038 37926
10878 53000
12809 19550
52900 41471
39986 17438
15573 2608
20618 32414
6629 31228
6088 25998
18529 39466
4707 6432
52645 712
58616 56198
53413 45585
30280 36772
58468 526
29966 14503
23122 59353
52202 24264
51297 8742
23657 8544
22143 57165
34209 61291
60302 17135
52567 13910
58271 5913
20368 49299
35634 2298
20073 2106
881 54958
41049 47858
1322 33968
17764 1370
53220 2792
28842 45846
56754 57373
41847 29274
32123 47319
26555 24603
1388 13907
33066 23011
2072 64363
7897 60301
20875 62425
48867 49405
45994 28195
46965 5038
17895 57105
2909 43811
6893 49262
41414 26384
41318 22817
40165 64991
21838 28655
60093 35838
33691 53269
30481 56061
9537 52930
28644 16262
39840 3331
51917 48982
12722 53277
14980 53593
40623 32153
42257 36272
48391 35862
16233 31049
58014 15918
55813 21243
42283 23574
33299 25661
44652 56555
4487 55557
40496 28257
38776 30154
13858 11082
40367 6681
3496 61705
1516 13507
59145 46650
30163 9010
19916 51100
13440 41654
13156 33165
60088 51456
34827 44766
1005 13217
63125 13050
25568 21099
28015 50513
13527 1057
14806 58748
54912 23547
37048 36652
33730 26573
40600 41864
6471 6494
15150 32824
45182 2305
20937 44295
12507 25983
53596 7095
58500 11876
24733 10976
27122 37036
57974 15790
45604 11452
30938 11756
25562 54445
47666 56190
54262 3967
7158 11172
38947 13917
2645 40605
15648 27915
32050 7305
6155 51092
16767 59137
22526 58192
3717 51003
52756 44185
22078 64477
7445 58716
19004 10174
28240 35782
56565 25236
21894 13663
41820 48366
49106 62839
37843 26105
11996 5777
32609 33495
5027 30666
35035 26233
15452 1398
44403 50068
28133 24015
16607 49728
20249 30395
14762 47153
3977 2891
54252 54655
16241 8659
2032 26799
17081 37449
51923 52101
49388 3061
51256 39130
54307 52318
50145 60126
40278 55932
13156 33165
2927 34758
7142 19108
59256 48112
24449 29231
22357 38788
50653 5394
53981 64672
54200 55278
23321 11749
21135 53298
59534 905
38495 21911
30673 41291
20618 32414
5122 20013
47301 54605
47936 24945
39423 10818
49723 38162
1112 20822
8754 64384
50460 14978
17009 29440
19069 3933
26558 2821
54070 30594
49848 21171
14643 63221
19948 37964
39472 53216
56005 18413
44890 33345
18975 63110
12335 27528
41923 47276
8154 33204
28575 35062
13164 1654
45694 29837
3335 64367
63533 58897
6836 63054
43331 25208
16730 23435
51598 52629
50242 30841
6909 61940
56372 26127
59268 25016
1180 12803
37940 61451
5527 35992
6533 60821
30207 42036
20 42224
45097 52011
33114 47258
17678 17559
28854 26926
43610 22459
7252 45626
32010 26831
26346 31555
42491 38169
46411 22590
29768 57844
32214 30263
32819 53229
20329 9158
59564 8003
23699 45619
30957 33276
50819 54006
37532 29911
49228 49387
57979 34960
53434 44416
47016 867
47409 59310
5940 42369
9315 13192
64510 65118
37558 43173
37401 37554
13756 8141
43148 51827
26231 15521
47369 51860
11400 12863
6329 836
18170 4936
44708 31703
58873 26080
45103 6301
16759 6232
34955 4384
27053 4833
60747 3408
11773 61628
1479 11847
10579 32109
54426 52450
9945 34519
16595 53024
8114 24733
22457 51809
50990 2556
57002 22358
52079 21860
2657 11375
49488 28459
42001 45556
45595 63316
48984 37018
8995 32214
51351 16006
34630 48725
30843 60395
30992 61990
31077 37369
38677 21193
42937 59497
13345 1109
52799 15410
39494 28130
49645 19621
59113 38031
58744 59571
7121 35291
53190 50750
27124 41001
47669 40755
45364 23562
40911 1614
45670 5950
50298 38313
62745 46435
30201 5228
44792 9345
49531 35195
11985 5273
63370 28685
35551 5247
2108 10337
218 62935
30757 63036
57258 38417
37129 43107
31410 35
52845 42124
60700 54937
17787 11243
52459 12766
25272 862
63729 47231
33457 28812
62384 25413
42213 36158
16262 36099
52641 20948
17851 8820
38334 13600
24818 64721
7501 55529
47057 27386
24430 1658
17790 35835
26182 21919
12512 36698
35861 34367
14042 62352
10852 4552
59078 40365
8382 5651
14094 1974
33078 45287
13381 7081
43085 45482
32137 6684
63396 8796
7138 11155
30666 2533
58034 49797
10440 16047
62493 43306
43559 34107
24355 14625
61076 37788
14187 55722
7458 28620
59 36007
723 56439
9265 49121
17571 57471
46616 268
48066 47920
34956 8157
22407 62308
32883 49287
6132 34340
30062 22429
24542 26310
50933 34546
18252 3653
3659 50696
53848 6065
14297 38891
44616 10416
19829 17499
23435 61578
51374 42098
11775 18962
46795 53049
49784 3621
45043 26103
48083 12605
53808 63864
29639 35541
30404 47438
14319 24578
29467 5332
2567 65100
42543 61765
42191 32523
41474 10597
54166 24351
63093 32589
24297 35528
50176 24426
20078 39377
36795 5657
52415 30613
28171 43634
35052 2870
31176 55918
34024 31061
32360 19697
24255 25080
1498 23446
1159 44922
9922 31860
39694 40794
59539 16172
27327 64589
1451 2668
61239 57039
7619 53951
399 938
54512 2975
52672 61868
59291 22434
21469 32613
31843 643
54133 3668
22506 57779
19971 21442
30098 2591
33868 27683
13191 49703
47788 65506
52757 8748
50081 26157
71 50128
4916 61499
50931 59225
8432 43715
6377 1787
41222 52699
12840 54278
47497 14923
21546 38306
15907 61542
40556 44305
21390 56252
40262 47215
51778 28675
25942 50984
20694 58695
2128 48007
29582 51038
64127 27645
20327 25039
45039 55709
55673 18280
39679 15810
30880 50464
1792 2408
19726 65106
19413 20086
59346 31898
44572 57118
20958 43424
11736 23369
17140 50088
51151 6229
19060 45629
7042 13407
59460 23587
3896 15947
30569 61395
42920 3778
58329 61296
21081 10012
10805 983
7507 19713
3581 57091
29764 216
36054 30157
5181 39760
6428 46124
25419 51947
28018 14885
45337 10264
47796 36565
24508 62001
21821 54471
64230 12760
61682 14
24722 11852
59454 2774
30022 22731
17839 64928
64555 15285
28607 16966
7576 51349
4956 29703
12357 52669
36041 64639
61287 20152
27644 24667
59420 4102
11119 58903
21022 21267
46214 62075
21794 40194
60454 46981
30415 6045
15870 42682
59604 21900
63648 2872
32318 10078
40643 2321
45064 46496
8838 36066
44587 40933
24368 63160
41945 7731
6900 35636
9732 44665
15963 34416
40916 28270
10379 15624
52296 52969
31895 34089
12949 21761
12337 50275
19822 24777
23979 44659
33016 61875
22772 21038
6382 59835
51253 5599
11848 12854
16128 49172
3946 47127
18898 62620
1254 24033
18797 27787
903 37455
22970 43932
57922 21208
53528 31611
2237 51896
12838 33768
61016 35705
8709 20
20450 17507
50828 16327
2158 43499
34484 20519
7613 55737
58996 36557
57207 14687
41391 64896
62309 50608
10970 1303
31098 28355
49919 29238
34668 13688
660 63422
19462 20931
47470 17905
55660 39321
41156 18400
6596 26970
24024 28030
45052 37993
44409 5289
64 3446
14753 63596
23735 22713
30992 61990
44682 8461
1559 903
56339 61668
57412 21852
50101 65146
43107 43106
7806 13729
10621 33315
5304 28429
2559 62437
4868 49410
48724 44591
25709 12698
63659 52546
44233 45669
43815 15246
18555 52422
41184 56383
31247 31584
39562 11644
28519 834
43392 34394
57164 32806
27753 61025
44133 35120
23673 14999
31718 27920
51648 8183
22803 54137
57573 45596
47685 61850
35101 25147
10469 64104
30673 41291
1334 34598
38277 23478
12076 34492
45279 57906
14133 13726
9458 51836
24410 37419
17210 6762
11911 53988
60202 48721
47949 42645
5743 24307
7920 56976
45441 34836
59727 55860
56922 49765
55735 56341
62442 14402
43086 23467
131 59161
61769 36878
51799 9257
10431 247
27669 59466
42286 41674
9481 45079
18590 10642
699 63055
14221 19749
30549 28584
26165 46248
5445 12165
29536 11830
61968 42653
49069 22584
28888 48178
24742 8457
38209 51754
56402 60435
30103 4144
30756 36332
44730 5276
24367 1156
46586 5096
54762 880
11891 18389
47166 57771
26639 16007
53215 35920
64737 65376
44435 26269
60554 57223
7152 18015
11523 30684
30073 34872
43321 57388
45788 23156
56575 47561
25577 25821
54992 9492
11283 2913
41788 54989
63058 16538
22201 1379
40947 26183
52761 16990
63934 49736
52773 21189
44407 32313
17612 41341
56403 3214
50006 22902
45348 30698
24350 49174
44686 56623
3054 22944
58140 20738
21335 52225
43988 39590
6212 12172
46415 2286
30386 20675
34668 13688
4177 38102
26334 27620
64239 60873
3568 27671
7334 41272
1126 19839
7025 60884
47682 17235
64991 49633
41687 36265
63270 62798
46015 47954
22268 25943
23772 45411
54484 53791
54661 22945
39861 4547
36117 43649
120 43217
35406 4462
12162 33737
39091 817
35360 52950
64905 54688
49708 2192
54914 61651
51102 60108
60721 40060
36749 37373
9199 45135
7934 61943
32060 18122
8962 21121
36100 34559
57900 40098
46872 3087
65274 2925
30857 43678
55795 60662
43052 48094
34612 28764
31317 30196
44970 3316
8103 17206
25489 34174
27569 62736
9965 4166
21144 5953
7326 41157
61570 20044
47208 52310
10395 10342
14489 34991
13753 61368
62029 50960
13627 17179
43112 13015
57941 24617
54620 4194
52912 25854
47757 52571
36133 745
11577 6583
6912 45321
13509 59657
27825 4947
44394 34985
25111 60321
40369 48161
41202 21564
41894 23854
3461 10851
41617 17115
33406 64523
41059 18023
1159 44922
46061 57503
46354 56410
58663 7052
47357 32406
9956 48678
19417 38806
64109 27418
9617 56579
36259 8846
33834 53812
5219 65169
10977 1218
5497 63175
3032 42096
53483 42592
50006 22902
42381 15262
61228 22127
7617 17160
12552 31319
31908 13376
27213 33782
42923 2687
38621 8350
6022 9522
51789 45299
1220 30505
60662 18216
50670 58080
7944 3758
22057 38309
16520 61562
18484 20012
10258 3475
46717 5040
24050 20785
29937 37920
61797 22062
56562 59402
37600 523
2564 18251
50306 8374
29494 58689
43206 14615
61245 22734
54649 36738
45255 49206
56899 4491
56533 38032
9925 15405
8064 48741
3131 64677
23639 23602
17445 18768
61123 27691
14797 8342
22251 29811
56048 29110
36585 30491
6305 7609
6570 64893
36615 2920
5460 5080
51092 36522
36586 41699
21388 48347
23792 40536
7634 39468
57494 36539
21738 20628
7069 37248
31909 49400
19238 29024
15702 6214
37617 41412
12070 30423
10781 4467
52809 6289
24366 4644
8874 49730
18321 26239
59040 16843
27799 50028
33148 20400
17873 31483
32076 26735
47945 13063
33658 47295
60212 15357
18279 54545
10429 58988
58042 44270
22351 11966
25814 60629
33793 51459
60428 1912
1054 11060
2431 52612
40942 63335
42737 30030
27576 26222
50046 10782
47209 38483
43614 1402
34611 17443
10348 38906
7613 55737
1918 7614
49903 33349
14559 18833
33045 51946
7377 64683
63223 11451
21818 3006
32167 49016
60251 18825
57989 2691
26271 4895
19193 53697
6787 32563
52628 12103
52144 26321
19862 40940
55135 16213
14913 64646
40837 11635
65150 50963
58709 63180
36221 31690
63887 32012
39531 50191
57362 11813
429 28594
15378 8634
28582 7156
16380 23919
37724 19921
52573 26541
3558 64894
19789 43757
33111 55635
36255 45048
27317 9253
60647 49585
14320 28488
62301 26277
21353 39991
57869 49096
34927 4344
950 60367
27176 42533
10900 24478
65126 32853
37320 54728
36783 7865
3439 62557
4082 52464
36025 25974
25860 41588
62666 27122
49244 23568
47200 45111
8220 17960
22684 22086
6674 13579
39149 60572
18552 51419
33471 36881
6134 32604
32343 57128
36049 30876
5116 38297
49707 26059
38725 2073
32817 7288
20414 49580
19133 51998
5751 13982
24226 63090
5366 9844
17292 56746
60907 7456
53946 28551
23244 1892
34433 40600
33621 41744
41245 58419
46422 32173
45437 40903
10149 22457
29964 37896
63553 7817
11507 54410
41189 54359
60598 59580
9471 41137
57827 50016
29399 41349
9176 21679
7469 41590
38027 3333
14634 17582
46977 3330
1643 52832
18530 9500
17174 50040
4678 51854
60390 17236
24116 62637
29226 2268
19156 47195
44947 56315
11269 62929
28686 52064
44414 20003
4674 52277
22804 4599
53655 7726
27102 47929
41346 25875
47272 25398
36054 30157
39667 19816
13942 32525
17814 19889
25555 18743
17373 21394
56470 39962
31108 35190
38896 12396
9711 7722
11346 34199
52666 28492
11901 41563
51179 13265
6179 47416
63387 13867
36756 27300
56840 32446
47432 37187
4900 38254
317 52494
44981 3320
15352 10164
35107 9535
10810 49965
2981 21343
63831 3903
37282 65279
52746 25514
53959 62575
33966 31250
16184 7510
50533 36748
54795 30942
58756 48955
61041 58256
31477 30014
33218 55824
17963 21452
37650 55259
31150 40263
25518 60501
18823 34047
18275 35493
2151 27454
50996 48313
11634 4738
9441 17341
18720 56469
10914 32803
40911 1614
35695 38808
24702 60879
34366 34214
5317 41976
9987 59625
59947 32660
60563 45073
35759 57492
28561 53400
1517 7532
30681 53455
26660 57780
52795 10249
39963 10666
46089 44697
56895 43129
44431 6308
925 10801
17663 60695
35194 35159
13826 32979
63026 29002
46331 49654
28066 31532
25693 27121
54958 51278
18358 3819
20447 31670
59597 9960
36772 6562
8412 59107
31370 83
20621 11118
16015 38773
6299 49364
8786 11245
55335 17927
54918 8839
31792 39613
34403 12509
46942 6258
54923 42177
25975 12690
58280 7654
30843 60395
23320 19792
26529 42409
31573 17812
33700 18790
58758 14654
54163 7226
18970 32718
50816 3750
53875 16809
65077 13598
1386 35822
58360 3335
16301 41017
5667 29130
57244 20368
58053 8233
16880 12815
41595 8216
50720 2826
11532 46113
18246 3504
10 40910
8539 52728
36033 59801
10768 34069
63022 14668
18235 121
61481 8061
24412 18565
41427 28497
29406 23906
5385 38347
50833 50763
10764 8051
41061 63524
37711 18281
45566 64156
24752 44111
37887 36271
46692 11713
9584 23513
19349 43199
23146 59456
26569 7520
15278 40730
34248 41079
62104 65476
43445 59214
19752 19515
39145 29350
34014 54175
27850 48980
6603 45324
54056 48050
65194 21234
38930 47804
46216 55966
28341 21495
48023 45214
44768 19510
56630 31201
54201 59920
13868 17860
9425 8158
40682 52313
30592 14891
32402 41232
42955 53568
9849 36367
35835 10943
1218 31747
15306 31080
14851 9563
26701 16679
13043 39596
38663 34557
23729 58412
51294 25603
45751 21129
47075 46185
23718 47959
6816 12359
30843 60395
65006 39442
18925 61902
10669 59333
20278 38442
57024 19481
51157 44233
13858 11082
8881 17519
33856 50636
31113 19452
22741 27595
10563 41538
33772 41312
18308 59336
101 28331
63013 58662
30965 1013
48503 61302
38317 5721
29395 8610
36206 17694
64236 34165
57771 4806
49137 42118
8199 11848
41678 30649
16537 47134
59918 62819
14948 61201
44416 6668
35828 30992
10541 5238
11185 29472
43668 56780
29899 58685
30665 34613
59573 44894
20570 57076
52822 62295
57572 14908
41750 52708
35858 63419
63928 22659
56765 20356
34595 55456
19819 15075
34717 35016
45085 41788
25416 52012
17845 41519
31679 38082
64185 58367
12376 55119
34035 29730
63376 46256
8878 38841
45332 27897
36561 44057
3597 49300
13451 7979
30216 29966
42196 49656
15720 48021
33391 28605
62197 38719
38638 27906
43611 28643
38079 33896
47111 15798
49752 1251
64422 18279
29207 43562
57252 165
50596 23176
64060 33061
52185 17418
45647 62699
33898 40888
29165 45045
30569 61395
34127 22516
25536 52493
19262 55482
17629 25458
46643 50386
36767 53673
8296 11587
55739 56717
31544 4448
43816 23421
4055 38587
1715 13025
14351 55143
58365 61492
27863 55648
39898 65263
53100 53131
18321 26239
9725 8270
37493 28198
33382 65098
23674 59482
53848 6065
22111 8029
65361 11240
7934 61943
52318 14092
63580 38593
49670 20813
12065 29702
59434 17713
25051 3565
35137 14243
39351 61346
37717 34179
30178 57297
51625 6209
37826 806
40939 35780
1030 22053
42460 18059
31213 53651
35390 8702
24793 57544
40097 3669
18326 20970
16709 56417
55172 27473
58667 17044
20046 26580
18502 1147
47557 57586
55531 16942
51912 11539
27725 25391
46620 26856
8699 53783
24434 30047
53746 54059
44319 13021
34295 4302
874 3248
45235 30971
52556 11869
25053 63079
7436 29298
33336 18987
35151 52777
31020 37385
3710 27151
49712 43997
44857 14100
17221 48769
13203 42046
14258 16335
59491 227
62898 49515
36491 6197
39453 52067
37092 18917
36193 5601
54619 19604
30283 33474
56063 8630
15897 60000
31799 31880
47300 40669
56695 6888
38380 52053
32111 46738
61885 58890
63945 47336
48759 55990
3462 53584
6328 13034
2815 45754
50423 13721
5268 12769
15964 61638
60222 60858
22299 31051
58057 50609
59144 52208
8052 51650
61577 20402
42982 24270
56575 47561
20127 22674
22755 55194
34887 41100
57381 41686
34620 9171
59462 5214
49939 27731
50068 17974
33362 58955
57358 58382
40891 15784
46675 26846
40460 56781
3796 58464
50884 58454
20725 43090
38098 39873
3236 17982
7348 43781
30156 56775
11441 36166
31243 6283
4572 45182
16249 60163
60638 14116
38216 45149
62256 12374
18433 9176
16463 57986
4360 56875
29067 6189
28167 21105
28145 23121
15867 60598
60984 62940
51770 39299
57026 46997
61664 23832
6758 58118
41884 24166
16050 19229
38044 8014
7667 54511
45713 44751
41924 201
10551 55312
24341 51335
21776 41867
43195 57975
24173 3200
58002 15909
42429 52562
2759 8859
28307 64607
42693 7853
11470 2348
12090 12576
59199 27315
59834 43352
10062 130
30911 46129
3795 17818
40174 61911
44633 57564
63124 28900
57850 21294
27083 1342
54804 5356
24496 58081
8877 4673
44645 15298
11251 53387
16359 45285
8752 9640
32521 29784
25634 19376
28080 23963
45117 57884
64348 21441
23843 40034
4240 37796
25535 28660
22013 26940
45066 50197
7712 33284
1190 34660
20798 6497
47162 42338
876 39724
49914 46404
36763 54995
2840 25600
56481 53399
14413 57849
33424 18599
60010 59327
62804 55657
18340 7603
23674 59482
21285 20556
25163 32597
29902 41277
46458 5048
54095 38419
38596 37707
17099 3710
23912 48018
42860 54378
49732 31979
33655 25535
26189 25608
46465 31167
53134 52063
40333 22432
40649 50404
52966 47093
15963 34416
30872 32845
51613 50366
54704 63048
10597 49966
18291 8594
19880 62507
51215 727
64512 45905
32936 24963
24815 38575
22571 12951
53437 28180
33499 18698
40580 33034
28691 33375
54103 38826
2477 42674
34596 56476
24058 11817
4458 54105
8591 10374
10215 33780
27306 15601
57122 38928
47157 7421
7254 33130
43627 470
4936 51840
45176 41872
62436 62381
3129 13586
61740 62521
35854 1907
6429 47137
4028 50531
49715 11229
623 21881
49286 19368
5138 15345
50937 64050
50187 45194
4650 21999
21408 36693
51126 24384
34035 29730
3857 49557
22965 11042
17188 35826
63949 25052
5635 52723
42467 10424
22252 29608
27769 33358
63688 49591
24398 45794
43886 8932
64962 19941
2571 33277
23895 40036
60285 40894
18592 48969
59361 55082
45272 42241
29 21824
35047 47852
5853 26787
11129 48729
38188 25756
57010 6058
16913 60573
16318 38381
65212 37640
3492 63809
17185 15282
48655 48689
48758 11207
10952 27049
23924 59606
17323 15655
15357 57363
55931 57149
32957 19174
53074 948
46957 44265
44967 45722
27303 51963
24688 30211
2823 27036
51255 38698
27031 29796
27669 59466
39475 25785
19518 47874
5608 42794
62926 16675
26394 2929
42589 25250
16417 44112
57670 41984
1034 51949
43325 14479
7961 54120
59652 5140
40934 11986
28141 31193
46064 28446
12597 9822
42446 42874
32375 29626
27916 48288
9722 61876
16138 52106
51797 23843
9360 23819
3132 63413
39180 7277
17834 32918
27678 57524
8587 3379
28489 40955
44506 63218
19425 60187
15836 22916
7303 46277
19106 5210
46159 32247
53174 51959
52402 31702
45226 22712
3947 50682
34858 22908
13721 20355
6009 16962
65080 10387
46836 2183
27303 51963
9285 53436
53249 27419
867 24785
11265 29196
41622 18958
24233 11993
42423 52523
19511 31764
1883 23876
15257 8070
23003 34708
19176 55684
13310 24168
49610 25222
41297 28453
53172 42734
56472 17105
45944 18078
53556 27565
5403 6500
28584 29277
22773 47617
17902 18434
35998 39027
48215 11212
45307 39015
19749 40021
44792 9345
14584 6804
16486 46317
35560 31115
26101 10635
11372 28912
32286 55252
6563 57489
33879 64448
21810 62624
53473 28189
25086 16374
58931 55218
47972 36523
53061 43572
44597 56306
10970 1303
21382 14206
19100 32830
35086 41375
39886 4533
35182 46069
47612 39308
28050 27073
25059 51886
60009 59414
8980 4569
25408 49906
57646 50337
52003 37794
28853 7181
42166 56478
6547 32192
747 1699
49999 82
36191 33337
43067 51677
24120 63454
43566 22878
26452 46571
1327 53177
29596 2124
54694 38281
10405 51967
33394 57421
5084 14546
1874 52354
11108 61213
43114 35662
57343 55738
60804 19919
17857 57664
17800 62393
59850 41764
25314 39410
37588 19612
63357 47234
8442 24232
2117 17920
25456 55500
12580 19016
36995 8365
18136 12072
43395 15242
2753 20049
20786 39879
17660 19124
29095 4902
62685 32485
3091 11833
49070 59345
42615 20037
23132 7141
37158 6563
8729 15029
44219 42929
16698 29221
27614 18180
60161 19949
47529 21908
35046 27581
32558 62007
45486 51451
11544 2035
37797 16585
64546 60747
26245 53919
53671 18140
6882 56211
61853 57594
17464 49641
13085 8582
29652 11582
27569 62736
28616 14732
39075 14265
20008 40069
57605 26731
5919 4130
21498 39210
7989 57778
296 35895
18384 53507
38909 36205
29477 20831
4541 54073
8820 11409
28793 60774
46213 49321
53568 8952
65230 1916
31487 9351
53390 20837
58338 56931
52922 28665
7737 60973
29173 30299
59091 14234
3392 26242
26395 12093
2360 3835
44143 44612
7122 14485
45728 8758
14412 23459
44060 45342
10901 24526
35978 46198
33446 65128
10515 61045
44540 61222
22786 63352
58872 47893
53496 47053
56131 45578
57421 21644
51106 52737
11980 53649
43626 23936
43523 21310
14942 4320
24598 13983
33019 63415
20098 54202
46796 12102
3905 42032
23726 9189
50714 33263
19306 37235
8262 40746
1104 27694
24465 33496
964 47106
23074 26150
65325 47413
60480 29160
31782 38866
48975 38779
17206 21455
45355 35725
37460 30220
49322 9254
9040 57649
58899 11925
46717 5040
59677 25753
62431 51730
22557 60678
25205 48473
5456 54348
14890 21545
48052 56949
53121 1712
28120 46851
48876 28245
53732 30662
8948 64078
46432 34786
56385 13515
34920 47661
9020 46416
32645 65523
10474 64888
14869 3505
455 11927
22630 4688
9216 2961
33175 51455
43704 57342
14503 57007
56642 46820
32338 16765
32239 6551
11378 34194
25039 61511
62749 54280
23847 60616
35001 47462
41652 52978
30426 10271
16450 41868
45032 46347
38095 33385
45629 7345
18134 29230
14747 55301
28916 65311
55447 20087
12471 53832
16472 61717
22001 561
18537 8387
2335 24712
58486 34462
58540 16745
5831 4943
60882 20337
7021 28651
45216 21892
29964 37896
46492 28071
41386 31139
27082 26397
11194 46458
5843 26441
11695 46636
51631 43161
45789 44148
18027 12678
27677 52358
706 20641
2857 52193
52499 24838
53833 4529
4331 24258
45215 6507
63596 52448
11385 55409
52754 18405
39304 34259
60488 14641
25891 57798
3794 33446
29725 19359
47108 65229
6036 46715
27353 31599
10917 32286
34064 3986
11107 29620
43170 28704
10306 33220
51911 62649
8719 47784
55745 23241
22392 48802
38294 48730
48320 26876
53805 40100
25915 34198
25486 42341
41483 24857
53316 63764
21705 12006
50755 60216
9453 6335
23764 49945
57027 17348
49903 33349
20503 9022
59869 520
4648 5484
29218 7387
15273 48335
62800 41237
58017 50019
30211 8962
29434 14725
46062 40295
25110 28095
8530 25657
29574 32593
50549 61248
52964 43573
57940 46500
10155 65192
55708 14489
48122 28021
17387 57650
61125 34595
54459 59533
47976 11368
21924 31707
40833 23350
23787 52061
51198 43753
8465 34695
33852 50054
36496 56160
39106 58425
18848 53343
61697 65493
22603 27499
34257 20225
6741 58358
44984 48272
2041 6751
34363 17680
55908 32612
62240 8278
29322 26998
23350 33115
25389 5142
47377 56151
49739 62897
7968 4556
41647 2815
29226 2268
9710 264
23939 9805
36592 38002
30746 51434
4710 24496
25641 17995
47090 49458
3224 14433
45504 27385
46906 44220
55190 39641
28120 46851
61455 7625
44006 46395
35051 7469
18657 23669
40386 15997
50280 63967
37767 57344
52825 34871
30173 17980
13903 27800
38978 36033
21957 22926
63590 40880
767 14056
12684 6877
50971 23999
64970 63405
55898 36372
60467 57264
17868 52606
31777 12409
45084 65298
38649 43881
17869 50067
4746 61558
11827 54405
16726 11889
60758 30478
4504 24053
25165 20176
50842 47830
17502 39449
28004 37024
63547 38365
47547 10034
28962 23747
38048 29810
8996 50480
23672 47101
1380 22717
51716 58572
17898 41836
52723 45659
7883 62215
23157 41643
55628 3388
33531 48787
9385 11901
16694 36986
23612 36712
45688 50758
48563 1341
17135 11618
47896 65295
45918 51186
59423 12501
5319 55318
43302 17809
48801 34591
33588 1371
15964 61638
3599 48403
57320 18670
27594 23213
4439 25489
28110 51384
47960 9129
8471 52211
22968 31554
59342 30702
52628 12103
56252 58045
23597 49134
63530 57622
14243 55616
55248 12145
31827 1257
63739 1188
51314 370
27961 11745
15983 17288
11603 4960
31964 39174
9831 2470
9324 43805
50685 60036
45138 36575
26412 39063
24111 38553
63900 14487
11738 39825
64580 47279
31076 46926
59889 2404
60227 11034
40411 42687
59745 26786
54408 32603
39559 28794
5977 59149
42355 63785
56508 60037
57162 61552
60989 10124
50798 33669
33909 26356
4606 12018
13199 12299
47434 29167
1517 7532
52764 8718
56479 59418
7 14751
41564 61422
35095 13289
38549 28019
2323 41140
48519 60086
9421 15583
11499 34172
56547 57608
20374 12057
21687 9618
53695 14372
20793 39121
11128 32560
62298 40205
21387 2789
65238 35963
23098 44336
588 15801
18110 53800
62194 43937
42825 56079
38925 15012
52058 28357
60690 20229
20739 37735
37064 58150
1139 37223
59711 56194
56900 3602
33692 45056
60623 10985
59762 13842
60319 37956
35340 32899
38487 35960
21340 46492
61591 13327
37452 53787
36571 6409
29925 37368
61276 19767
21002 17146
4100 37802
34547 50734
21287 48245
55911 6343
41515 20966
9014 51109
27597 65221
52602 9802
20831 47600
17293 52272
4764 29863
56355 60472
13077 56650
9425 8158
58997 15739
51275 51556
28029 19388
14982 47960
54802 30349
51358 55855
31609 55382
5975 6231
13309 13769
5530 55920
56019 20939
33845 16790
9112 49733
34540 53483
46578 45420
51715 9831
42108 7956
35895 40824
51190 26018
24131 26552
65215 5439
44803 25515
14293 2574
28299 33575
15182 50895
59819 42792
20785 14631
31563 46961
19022 36708
13085 8582
37413 636
57273 63176
4465 12664
27332 34371
4377 57347
5690 58909
42830 39927
55737 41644
18455 48253
33303 12428
58222 60242
14320 28488
33502 62221
43052 48094
2844 64532
4162 62172
9515 5848
13137 28881
65355 26015
43879 25719
14103 61982
2337 57014
21702 12038
59978 50148
64982 27994
5357 38978
47076 3199
38981 25871
1771 27053
7082 26359
58605 8308
5692 57654
5030 31336
63207 27573
16468 58945
6796 59656
48128 25096
40257 46546
35975 50134
56122 62544
56216 4836
39916 10051
54352 51372
21196 6757
62368 52298
34488 7482
47320 8252
30606 12955
31568 48606
12907 57531
9819 23542
42846 35721
50078 37003
60949 55753
15839 52238
10916 53396
36744 5856
64966 31987
32491 30944
13992 63709
18660 53884
46422 32173
56883 42492
33768 10550
37009 57730
38362 23532
13589 55127
2273 35263
17337 56558
16865 52403
13733 48436
41959 29994
12119 39241
7545 37410
55244 15957
41160 22962
41036 42372
7272 41382
52691 13209
13880 18534
8847 17753
56069 49918
50754 32819
20187 51655
29613 3402
55954 21198
58659 7042
46684 15710
62737 5284
44843 43483
2504 8753
5327 9840
4791 53999
15824 4660
11581 23392
1751 50112
32041 43322
44076 49669
14889 6463
64329 2641
49701 56505
63340 605
61567 18392
63532 62948
23891 3136
45861 37129
24805 7501
36220 24463
26934 64437
11765 40457
29931 30503
33728 58631
31291 6539
3116 14213
48381 45940
41536 32586
9891 50770
29712 41002
26653 47928
51984 10277
20935 2569
20735 8204
27936 14343
62442 14402
29352 5696
46761 25936
18951 3429
37718 57135
53702 63196
34471 60819
12379 53431
32899 13949
65100 13743
39322 62355
19758 38989
62231 39757
26328 59744
28831 6487
55941 40448
37553 42257
24788 13473
46938 5562
64470 64200
24184 63428
10525 6444
40279 5104
43053 56959
22965 11042
16704 1125
28168 43004
22584 57863
8023 45897
51228 28040
51165 46386
37892 38221
6267 48524
11494 57540
58287 7663
35058 46718
8376 13558
3863 907
26491 53353
15871 48537
25458 39977
32591 34721
18258 36791
20779 35198
12124 29116
53378 530
3579 10336
3275 53001
7779 2557
41619 8745
47998 13326
39515 23897
61493 24791
47650 12403
12326 46728
50912 63305
31002 40639
19264 54736
45756 26034
49590 40848
23038 62603
13896 26487
54289 21791
28299 33575
50286 22563
39164 60105
60604 24086
13073 7364
27380 36483
23152 5382
43998 18331
1327 53177
42786 20436
48666 10684
10108 30900
26564 41715
63208 2646
43494 33643
8470 34957
64308 61290
8516 37145
48454 31120
23231 55348
46177 19346
17535 22099
37595 22275
15353 41951
32440 58705
15919 64982
58764 59563
42649 36621
55550 1275
54405 12118
49441 36721
27052 6636
65129 36229
14938 4618
3463 31785
45046 2251
32730 38127
5599 46098
47781 37013
15287 56997
963 46394
34745 1216
24971 53618
47 6421
3542 55229
3372 63577
50311 17326
56442 37236
42290 30736
49791 48883
30563 3797
15053 34164
16591 19245
58904 32373
8716 31746
31785 29273
22133 689
35472 23932
55269 61608
17393 63412
4372 43385
50356 4245
54739 17989
11204 47828
53998 1688
18058 36247
61494 17355
62041 34778
41698 10088
22911 49058
55866 2151
60458 22863
33516 8926
36441 60784
14940 57326
58383 15719
53538 20920
39662 27460
48706 41301
51533 49276
12674 5421
33109 6998
3327 53112
27998 47772
33790 41161
23095 2992
35941 53674
56867 7224
38547 12178
9742 28174
12829 26928
21949 57060
49859 2532
23252 36490
27887 58460
45574 7473
46809 38461
8771 43455
39954 57886
63639 13188
5877 9658
64924 35760
171 64521
4937 55420
43067 51677
63562 42728
39508 52534
6278 36868
5268 12769
34783 60051
5471 52568
28813 57071
4413 31318
60433 47111
34447 64883
7499 49341
44721 44580
58619 55071
41675 51913
29112 54065
35492 39195
57273 63176
9561 19492
25492 30051
56652 27961
11852 47712
64249 31910
25427 19867
20773 37801
56406 46987
58010 47819
2716 36765
41981 53364
35784 17840
57838 25696
7563 48333
7544 46933
41610 62292
27826 5256
7551 10862
29 21824
28033 28715
14119 58119
48264 64163
60332 20291
16403 40517
59175 21196
19595 3012
9487 48760
47803 63556
54668 55810
39390 26405
17921 36589
11550 8805
12251 17297
16511 39776
8238 40424
44283 7442
26650 31571
44036 56771
10693 27826
9912 45094
57414 62034
60051 6083
6572 30492
51724 63637
47548 23057
6793 32548
49506 22812
23798 18512
49691 39566
52186 3801
9196 46401
50462 20110
63844 57325
44915 9214
54112 16572
48312 49497
43274 23204
35250 18471
57147 18161
41631 10905
63953 32668
1023 47487
40286 64309
11643 23887
24550 47505
21437 57176
6663 52136
53254 26134
59021 57012
50271 22011
26838 29341
2578 8904
13225 14203
52897 16648
62130 48737
2612 40815
33963 53474
19614 2707
17469 1313
9788 8808
14871 59462
5365 36854
51978 23315
46254 11079
26774 1703
57109 21568
37096 31837
28554 47199
22932 47694
3176 21668
53509 11920
53177 39437
21566 30562
36627 41896
2034 46495
19470 22163
51087 47820
44062 60851
21124 55182
45170 17796
44577 7918
449 36140
16101 9213
10317 53583
32758 62647
18176 20850
46743 24739
20409 181
25577 25821
25439 37019
9643 43668
56265 38181
17926 34023
61792 24353
7616 23809
9433 38524
10225 35867
15603 45630
32896 25409
27686 3985
3581 57091
45459 18539
20273 11553
41115 23254
36687 33510
28772 10982
22485 15143
4831 25711
5560 35930
53996 46719
41804 10748
17673 64821
34229 17754
33122 44833
56276 55786
60960 40046
49104 50236
17117 62684
26625 56157
8201 34439
23432 64897
49331 28670
12834 33412
46775 8520
11311 58696
57737 39890
52731 10201
9410 22236
4801 1253
24311 20795
30294 63264
58770 37781
31736 45211
51704 64441
13600 44202
55225 33331
25185 21376
656 53276
19824 32602
21022 21267
12445 24459
15946 50289
7607 28428
57262 21306
56973 23643
27637 18244
33418 33971
17473 44478
30653 54588
288 38830
36880 1897
26621 21218
1057 2742
46051 39428
47500 16254
7155 22055
9415 55586
2644 24933
54884 6586
710 19903
4863 22681
55538 57376
50889 51712
28774 11969
36791 51628
4784 28177
59374 29883
29207 43562
63309 39450
10889 26879
12565 2932
42383 62297
5550 25794
33998 61394
62088 50449
56791 52223
40156 30592
12638 6775
10433 58736
39565 26036
30972 35887
21929 38774
22079 48208
65302 10068
36259 8846
15296 43162
15709 12518
52882 37855
23105 42198
64335 18929
60052 31076
1048 27440
20259 56101
64492 1866
57822 18451
22255 5451
26844 24909
37692 47489
39404 29394
27752 21303
14091 4282
11047 46383
50021 39706
51469 27063
34727 25115
29935 60759
15295 34262
29199 7517
37095 19637
4594 42504
5463 32922
54862 26948
21330 31827
15478 31641
44957 56179
55591 46460
24028 48474
12090 12576
27520 28986
57092 59377
16287 26187
5752 61031
61341 15906
2041 6751
15367 7264
36985 48467
58153 56539
59795 16021
30435 37783
24779 53609
34920 47661
7546 55457
4564 29398
37134 20793
20355 31519
44879 47602
21248 49438
7023 24866
11055 65361
49036 11106
64621 43680
21213 2403
2143 54596
36555 44438
15743 50596
16210 31780
48252 39540
20492 17170
96 9976
28760 56391
29310 23357
39988 62846
40672 2290
8190 18162
37933 56789
33653 58698
15755 43723
40878 51188
48129 58565
6212 12172
33533 4085
45770 46527
57497 18555
6034 58568
32262 14721
20278 38442
35645 25377
46010 64986
41010 42007
3626 25549
85 22850
36884 11478
37597 18220
49006 6624
37834 17751
4333 12828
46792 154
47606 59220
23726 9189
61018 35333
49863 49971
61001 8478
61391 20764
42876 41426
48875 56619
45247 55806
29754 24278
25633 11766
31622 22573
49122 58872
20744 29954
33861 7765
33046 24867
3160 24119
31607 53462
14547 38145
35044 56716
52330 57613
3250 25421
34434 39263
11505 34924
23416 63265
10285 58207
9561 19492
36932 51942
51114 5453
50400 8802
15836 22916
10123 14392
40198 55465
43473 29079
20401 62167
17514 32738
6779 3799
31897 59471
63318 50403
34251 7592
21018 56649
45215 6507
45930 38858
65437 47194
62372 63459
15881 31339
10754 41635
60725 42892
55378 47025
6339 44164
58147 46508
2461 43713
17015 34498
5735 29034
64914 63013
36954 5066
21062 1592
17441 7090
58169 60080
35580 28707
32929 48903
9221 40161
40431 52324
26721 1598
14117 39112
6679 6824
19503 55269
56268 60206
62343 29924
51533 49276
4252 33448
65036 58626
16769 38604
59206 29744
42429 52562
18430 39764
51407 41987
19407 29876
3827 57848
64573 45485
53962 26141
60193 35262
8242 5194
22226 14777
7429 20657
27047 4657
53097 26671
25604 39881
6148 12680
8314 64737
43488 55976
42805 46862
8659 12064
35369 54564
43035 27085
29077 25930
2305 7135
8380 45526
34081 36636
2716 36765
48508 63893
19877 52192
53394 64398
5308 54293
58891 29913
50250 106
44265 42810
17009 29440
1535 22
62507 682
53883 53602
34043 16676
42815 29329
31204 44403
55260 10501
64544 54768
58590 29718
24518 55540
29871 63696
30087 54864
54257 26994
46159 32247
37569 17172
38503 32719
20991 56720
6847 33605
9881 41841
52386 1266
27786 548
60604 24086
36572 51681
28390 33144
10097 22364
42721 36320
22615 20039
25256 49490
6075 25479
34989 42568
18915 10191
33656 33725
8790 30082
44547 24195
56498 36406
59126 15627
22505 24580
63787 28621
38970 11820
15821 21104
19028 40587
5453 56537
15344 47925
42194 4489
60853 40188
13547 30242
11741 28061
403 18371
63830 12545
27261 35433
47119 26811
40869 2808
64820 37854
41768 17729
17643 62950
4280 53564
45483 15195
41512 23853
35824 45522
27696 1733
237 16226
56454 56097
31342 32395
64160 51231
49650 39591
38115 7085
52913 48140
26878 29693
10825 45239
40046 21389
37313 48895
57908 54626
1969 44687
24118 60007
53763 45464
35914 22852
1008 26655
64425 61700
3455 50742
33262 38141
11210 49674
62959 40892
31891 15415
44751 31342
44689 4638
64225 14800
668 63513
55400 57895
32395 31211
55593 4613
24178 65027
11985 5273
35125 36863
32853 16599
26564 41715
3943 25703
19343 63132
48561 29404
45399 13670
47523 42153
32018 33676
49521 56084
59551 911
64838 12434
9315 13192
3702 9753
15312 23294
10890 37328
61441 28286
3690 27259
38082 50215
37492 16799
56780 26966
5886 10888
26792 32306
14136 30723
64546 60747
4999 886
5072 16994
43575 9344
28455 630
10101 38777
4422 56141
14316 30834
10002 59870
53230 48775
16238 58947
58710 15777
24858 12542
55253 11678
60201 17924
49451 62122
10756 43266
36071 4624
58934 14420
19127 30861
15899 56542
45363 50691
33055 36991
45021 30298
16228 4969
44370 48171
12460 54823
1856 24121
197 3341
54025 7954
39211 37523
23116 28625
26521 58535
55133 1410
36934 63787
18180 56264
50674 33087
64727 65088
5945 30760
6078 2104
3861 47232
53681 14042
9026 640
15972 11574
14339 26263
53086 28249
32961 42440
6959 15903
47832 30004
54201 59920
37500 43472
40307 23052
10821 35700
56638 49678
9359 61709
9457 31266
1791 1507
20515 13827
51892 55027
4246 9381
45710 31009
11482 14144
32754 59067
21538 65270
59458 44280
33735 7536
63955 12661
6955 42683
1099 52976
52737 6852
57100 19126
28208 19430
38121 24013
52293 41455
54632 33399
56514 35644
65406 8098
30961 63924
45918 51186
53698 1395
1218 31747
48534 13019
32901 42547
15715 14317
30059 17012
44332 23468
28870 51492
22400 53265
20361 14879
59577 29787
27440 11348
58187 271
45099 55771
13790 35093
63827 63261
11162 24546
49028 47495
4556 12254
57477 34863
55465 46022
58846 2337
58604 53691
10848 28714
48444 60600
39630 10246
61850 40836
38659 59227
26157 2374
61152 23047
42097 4727
48676 42885
47507 42924
34434 39263
54429 6661
37294 30845
61941 27444
16079 60553
34139 34966
63884 22672
49184 1405
20039 20401
42368 36216
7944 3758
58953 15898
45873 55262
14450 58843
40855 33721
57282 62145
29513 56665
40622 52821
28692 14988
9759 48824
3402 26504
29147 34400
16008 32405
33342 61949
22668 55241
3731 17327
5759 47703
41317 14452
47333 48193
17915 38014
6767 5016
22203 7626
17848 23674
21660 53909
53048 40217
37504 22637
58916 34672
56059 57341
30871 17152
22528 5043
59006 15052
46491 14702
14811 18185
14140 51568
36367 21874
