55906 33268
16026 55602
39405 57971
29483 48418
9849 36367
2224 42798
29989 25356
27987 5360
11350 2213
24580 8704
27916 48288
53706 32382
6406 12670
54643 17209
1515 62376
59994 59574
7762 38486
35112 55562
19216 30336
22092 46694
58860 9476
33695 43669
17692 61002
21629 40157
22584 57863
31761 56183
17005 26764
43927 16098
58644 7419
49206 19817
38465 2680
30710 14448
1686 45686
17735 42461
55210 50991
38342 7484
10625 34286
22009 63450
8861 17566
2832 20509
41200 36052
22903 62733
29092 31102
33246 36137
1996 801
25710 64145
977 55972
7536 43290
23635 31644
42918 38091
13415 26800
46969 27615
57906 64396
48590 24665
29799 41338
15419 29975
58363 26115
3293 59023
56641 303
53680 30670
667 24681
48951 9839
126 15465
7020 32842
11108 61213
55616 13185
38259 9879
55902 28987
10063 27198
10128 64320
50813 4990
55733 64565
15435 22348
61538 8269
9901 4163
64112 63770
2569 57645
19232 35045
61714 22231
17756 14539
13586 62630
27474 8673
45473 10647
9474 47875
47655 33172
26180 43204
8390 30247
10287 63134
19047 15039
36879 31056
23460 753
5069 55213
21626 11277
41678 30649
16805 22555
37794 55783
59660 4527
4845 7233
34214 60958
41510 18068
62716 14482
57355 9335
33617 6202
23979 44659
24761 10431
24712 34735
57738 43835
30482 53482
63418 16480
35930 46259
3286 26516
14869 3505
25187 30208
57262 21306
60257 65009
60577 47458
50259 42059
37894 18227
43232 9086
61374 4352
53696 29915
16513 45889
26412 39063
20488 22737
25752 17423
25331 18955
31988 46275
824 58048
42805 46862
46948 19537
25498 3948
56481 53399
36122 23580
28291 40184
60698 33628
53971 36773
32153 55372
17932 35860
2773 64816
21275 7640
12041 31936
41623 41477
37127 5075
47515 26170
17300 20052
12217 61326
52896 23028
46831 24000
6798 50798
56625 60706
8375 2392
42532 63296
15966 29678
53191 64378
33405 14902
52410 19104
1628 14395
45195 41677
33182 61922
16036 64425
21624 63937
34328 13855
63709 15859
13446 44982
16410 18976
10729 49883
28528 34235
51494 9127
3315 8148
4838 39618
1336 62103
28701 35565
50160 25179
56637 26237
11656 35356
30832 9771
15711 36150
38677 21193
49428 62268
31587 14801
52501 49785
49457 53692
44574 9686
29881 47014
28483 18934
31116 9375
5850 45346
53769 5748
25885 51304
45298 61199
8208 46803
18458 48383
25045 48020
29506 53742
37851 22888
47639 14831
7402 43444
40558 12905
46951 21125
63862 37266
51551 55381
37022 38631
4032 44951
31366 7988
42820 61119
60948 28569
31858 27466
31136 12727
9703 52022
24333 53360
50276 8347
6303 61373
63655 26505
7875 21579
31015 31775
3704 44417
24898 41368
13990 58209
46148 19747
0 37496
52541 23702
51190 26018
32816 23613
28806 40397
49289 33352
7094 63263
19842 18125
45663 23844
59545 48684
59999 32378
44844 47073
48207 24110
53423 15497
36052 15515
4038 6540
24431 40656
46100 44366
15783 2845
32197 58257
43340 45511
53439 53013
62831 54046
59474 56712
35923 32028
23997 54794
39846 27086
26019 6691
62632 24294
55269 61608
13027 65528
12091 33749
25256 49490
19993 1039
49204 35850
49033 508
46382 45799
60421 32190
41382 51376
9774 301
47143 15532
42221 21956
30029 5471
64806 59635
20907 29299
22496 14328
28900 45801
57235 58058
57040 11199
8925 36592
37009 57730
49813 54200
56053 30651
556 63768
35730 51510
65041 9117
12527 20559
56754 57373
51910 38407
40220 60064
55049 16850
21188 41694
62110 56012
49387 57067
30367 18834
54283 31719
39425 969
40900 45987
30949 64252
32928 30821
36055 39967
39198 12981
51335 16053
50525 18960
31917 16256
64246 31194
45298 61199
42751 50012
3312 44063
27765 34876
45715 43343
36086 45074
9754 37675
58482 15631
59750 22322
25410 54394
25009 43688
37154 7405
62545 34131
23838 59901
36589 23637
23487 28485
24020 60782
37964 48081
38449 36195
60833 60888
42895 58016
50817 29606
11259 36590
33184 41392
57531 18798
47748 1197
58660 44285
42088 27095
2705 64993
12364 17389
50926 60388
28136 47816
30315 56464
42879 29840
51594 41104
3769 7270
34895 59696
56688 50724
16320 49601
6101 34177
2470 48692
51857 58224
41150 53014
15984 36218
61568 8920
27181 45994
27989 2733
49129 15604
20030 43268
10946 54364
56383 27394
38858 838
53891 19705
48416 37345
49193 55701
8354 43017
55482 1779
32894 54434
56920 16929
39372 49057
30054 8740
54190 61281
12129 45519
1423 10874
33092 23274
1934 57015
28836 16361
12257 13437
47144 61530
61110 9998
60165 46293
25495 4877
3681 17565
2424 50746
59492 24549
27723 11403
16255 36510
18610 2748
6774 37247
42404 64427
50190 24202
14730 36417
58009 15035
60682 49197
18799 27442
15947 20269
34726 18345
6049 42575
42352 34120
14805 65280
16459 23505
3067 38926
14946 7981
42146 25609
1602 45875
19438 55523
58030 21534
34054 17601
11358 21642
28346 43079
25814 60629
26058 43315
25347 47265
38368 43
41310 40159
46693 43616
53821 61936
38439 32735
46787 14306
57988 57191
42595 26019
16422 18384
1922 1297
47718 25516
54619 19604
50047 52972
48019 55138
43670 26660
2017 61129
28939 31403
22117 26813
12044 20342
18108 49333
7289 18879
6633 40953
35401 34091
25960 20567
51805 27783
26062 33154
40175 12290
13901 50046
24396 3300
46882 32828
42988 23961
44137 18767
59671 4415
1531 23205
40996 10080
65143 41585
62025 43400
3326 44199
34681 37614
54717 19764
30668 58761
62393 29928
49148 21984
47773 17430
59691 47029
20624 46873
42961 15831
38768 14331
12980 38609
60792 27947
63170 6662
12839 26640
51925 37219
47 6421
65126 32853
64718 44838
32113 32439
33105 5671
21549 38433
9293 21450
20804 56954
3848 14145
132 18256
56375 39754
2788 19760
57858 14790
19005 47118
6360 48106
61195 9635
5627 32068
30449 21696
7397 10570
9266 3978
7887 21803
19382 19117
28112 43373
30799 55629
2885 1523
10851 8719
28187 34204
49233 35439
13246 25196
14924 39004
16674 40117
13203 42046
5511 35928
63595 3284
63531 64116
6913 17101
54343 36837
16283 3599
12441 19158
59113 38031
16647 2136
8877 4673
24525 8419
8745 4058
62095 28689
38848 64154
27903 35068
6602 25992
7531 29955
2611 51118
60537 29097
13507 57661
61242 61887
57974 15790
49249 36716
65096 189
23639 23602
2106 43966
55626 13030
27680 6372
62223 20330
46654 56567
13182 58876
1475 12424
53618 21240
28648 2806
44562 2312
5091 47308
13298 27349
20759 8974
21718 33691
23290 50415
14448 47769
45085 41788
36451 32443
24591 10760
47649 65507
30630 55956
35437 31738
4756 4901
57989 2691
29148 58901
1825 36127
34893 60492
10687 21810
2768 15334
32388 44776
25008 24955
14922 53381
45657 38545
39747 56680
21729 18624
9551 31164
64263 2044
50006 22902
17599 28942
4458 54105
49757 64026
56548 58512
41526 57508
45874 61955
26426 2928
45562 26806
47963 10404
27467 43983
8378 1196
27825 4947
16119 21026
40274 55245
18737 59505
2269 3494
43010 43429
30871 17152
29588 47311
7311 17949
38348 14691
10496 12814
62780 14792
465 33911
58070 14753
60974 5998
30016 1319
25031 10707
58131 49048
31800 31335
19998 39360
1281 18606
45011 37716
54131 62385
61636 9982
39933 56630
36304 47996
10150 45541
2788 19760
7577 27850
36829 38299
15656 54806
26516 45641
17946 57770
26095 45383
33443 65120
29015 5543
43100 27337
44543 52503
15023 39796
6928 54168
54996 19946
32042 21228
20713 17848
6615 58601
40591 62976
15526 34723
22936 7826
34305 16912
30172 63849
152 58580
54738 35638
63801 29880
18783 27187
28116 9892
61770 27944
2159 41604
14830 53656
61364 28097
26123 55280
23260 58231
56464 65002
19082 30854
31490 46131
58517 7468
5550 25794
32541 24688
45510 36337
20257 62658
25328 23253
55639 8060
2412 49627
28905 47192
50683 15682
31471 30619
42772 7502
64594 20486
47628 64837
54912 23547
15086 10587
51369 38835
13030 18047
37415 44955
23375 22005
18508 50341
30818 47681
43774 35092
16222 58870
30707 3079
21591 10833
31159 33567
16325 38028
51387 53191
12816 45701
25378 26054
44995 59467
47080 64666
6061 37066
65065 50138
44402 5492
22865 21090
61551 41891
4401 17361
47651 18350
15169 53959
39132 57368
36920 36074
12986 5191
19864 18609
56033 21632
42292 15952
55705 5489
21923 16757
8268 57528
26314 42854
17817 35035
44186 49866
8840 25100
12025 2758
22153 65450
31159 33567
57145 42878
4250 17823
30238 50499
24196 64418
1141 314
46940 21937
10194 33908
34612 28764
58292 34654
26613 31459
15225 45000
16048 3866
1960 2655
13473 2057
45728 8758
45709 29041
61996 13219
4273 63772
7321 33407
58564 22932
21030 12691
42122 23633
37314 60682
55458 25242
31675 56785
18792 14041
10121 42336
30452 42055
52031 16237
54431 30764
31557 20391
2020 441
7046 34419
47478 18576
5890 59859
41003 53128
35592 37818
47157 7421
14214 60214
39822 61575
32814 61746
5304 28429
20148 31851
47414 31121
19045 40729
58406 16788
46947 54906
49937 24690
20708 14674
52644 63204
19276 41918
9905 5819
25896 50752
34440 19304
63360 32203
19576 50918
50856 8447
27474 8673
623 21881
18835 65319
39958 47749
43949 38902
41301 39186
26809 23053
33777 36191
3176 21668
1232 49431
26065 14699
12735 42904
43174 11696
18927 8303
25877 28082
49540 49607
43116 28349
12130 58143
49640 33633
25467 47851
28560 52908
22075 34900
8176 57571
3504 61649
48102 39111
52106 10367
29031 5378
15257 8070
37260 51450
54481 3871
45781 17757
50743 39375
53899 43534
28235 41302
185 46986
12912 35304
3937 49514
9516 58239
46260 59171
40901 27432
56945 25300
41149 61138
36632 1561
2517 29872
28341 21495
42221 21956
17261 19276
40065 21510
24311 20795
36496 56160
58284 1684
32084 7890
4199 16700
50936 12543
57767 21259
20420 48493
10981 27970
58233 29044
27223 24321
38305 37327
37487 36961
16125 30603
61817 54822
47459 43350
4596 34696
10320 12747
54477 19486
35894 57472
49898 54578
30281 29859
16113 21145
49685 19685
3888 42414
26185 2067
43854 13267
32156 31260
45133 41817
9073 57529
2400 24070
12696 60143
38904 61397
61961 35272
12661 32340
32854 3576
14682 54013
54782 27308
36915 8555
58133 60975
12255 28002
34548 51620
7734 14154
52923 50651
40967 53855
3724 19577
61451 54786
8943 6730
14286 21688
48926 45709
17530 24644
17225 36747
53584 36119
42799 56066
49496 13526
8624 8799
5224 20472
5351 22909
11627 51292
44882 8217
55690 22906
21159 49460
45143 26198
50872 40627
12690 41567
22446 8483
10140 19328
33947 45521
37706 32594
45786 19498
17492 19988
34650 47351
31238 11536
58084 42244
29865 55715
42297 28775
15801 28353
60154 50800
5632 30434
50671 12832
20266 52029
760 40526
1262 52811
59140 14008
25535 28660
22566 34820
50034 55760
18140 16512
32893 51224
56630 31201
4806 1419
62391 9278
30267 41889
5083 47881
49890 41676
32722 9315
58643 51702
52926 1326
34839 55985
64709 21237
17945 13055
2128 48007
11159 49759
44816 46757
54574 16136
44365 4372
13069 56188
60526 38882
64677 51000
5036 59556
39342 12590
33628 3440
60921 43578
24643 23848
52442 16813
26987 39595
19615 56281
58170 20335
59321 1010
4940 40040
50721 4248
664 28004
63843 61462
60149 52128
34593 44155
33933 40592
37081 46905
11867 41180
13466 55149
46085 49160
32529 59598
506 64205
31763 62182
11697 60109
60573 48396
19750 13345
53045 5769
9815 8138
3751 20875
48909 46011
41394 61743
27437 38589
12233 59009
39684 29949
11743 12269
37921 53275
7533 42220
64526 46041
21921 11115
16943 10130
8378 1196
1970 16746
48830 12891
62951 26288
30496 63213
11694 11695
28029 19388
19269 2513
38761 58279
982 57026
11696 16935
41429 6923
45795 58102
5134 4355
60604 24086
59720 59709
44707 31455
60217 59250
56351 63476
49700 42370
60012 6046
29175 54710
15266 665
62269 40872
59453 21785
11168 2869
25967 5864
25945 38874
18982 25903
62564 41818
37686 5507
26788 21369
60276 10567
53291 46753
27555 719
60361 64775
15064 13489
51631 43161
21976 59470
36630 16325
63 19242
616 39746
43961 42398
45885 13762
16973 21119
52679 8246
28151 39939
52905 17652
40281 53665
64828 19937
42835 28480
8561 17133
7982 30345
7396 59187
1177 48251
38343 48917
16260 17929
19416 37237
34154 54618
35093 46681
9566 11247
50200 24280
48015 19453
14126 38270
35531 17955
35271 50118
7853 3126
1126 19839
420 25330
26986 22656
18122 29733
37927 4523
45899 11111
35338 12423
3620 44647
6150 48522
26286 23583
2701 49251
48239 34289
9827 57766
8719 47784
6665 55922
3703 24140
13295 12125
15825 44367
34969 44061
49723 38162
55347 28413
64343 21014
5766 15224
10902 8142
47249 58418
19480 457
29691 54478
64815 9534
32930 46536
24672 57141
32461 20247
29950 4427
51703 24748
54992 9492
61267 2703
27801 55440
19503 55269
32003 25490
32798 39197
7319 38062
57644 7088
48783 32146
11604 49829
24159 89
42945 2945
55878 12486
48766 3645
17183 13077
41544 52656
58844 12621
45421 64764
43179 64713
31839 13148
18564 59688
2261 19403
12702 13542
17953 17586
17928 25558
9908 29509
61842 33259
46980 60898
8397 30879
32236 51567
45158 18750
32371 20548
18920 26509
54521 36651
19823 8393
59450 64700
44443 17229
23868 47210
57497 18555
38962 44828
56518 62234
17068 33286
3318 6595
48715 23899
17344 17865
39727 13911
57171 14411
7622 44950
49393 7896
41439 45649
24398 45794
23812 42992
28587 59434
11432 11951
58003 581
44589 8656
48494 2632
45353 13005
47069 34282
5731 11788
5058 17063
53068 50926
42660 25153
55357 28055
61230 4513
19429 55636
52417 41782
48722 20312
7161 63191
57801 44582
10303 27325
3350 22336
18804 16020
50316 18631
28453 29990
50818 57670
46532 49622
9078 14412
18665 43110
28531 43843
18252 3653
61986 29794
29453 45983
44758 5694
47455 22642
2780 17957
49644 63898
14098 63927
41613 15598
44118 63438
29064 4929
44162 31982
38264 41037
65229 44443
58216 5919
45894 20126
1454 55809
16647 2136
9487 48760
33873 14250
14654 64754
51818 40570
7268 47189
12468 15983
58421 32473
22840 59659
2418 35480
12353 42932
12750 46725
28958 33591
12561 3623
54575 6522
32864 32314
9681 10445
65012 48131
25208 13826
64342 64100
2352 52892
46626 43971
22922 47164
41298 50547
31430 16080
63468 14386
31910 45389
11429 20916
1783 52263
28968 44125
43760 14697
7764 2230
65437 47194
25689 37366
55204 62205
8430 14079
59461 48210
13712 20393
49248 20929
4396 2454
34338 9289
51630 11775
8734 15907
63654 13130
12378 31039
46509 35357
39595 44578
40510 27345
27955 59229
34879 18067
4876 60574
25638 16421
14113 20343
3649 48644
50604 16353
44541 42842
55499 61056
35575 39752
22471 22293
35891 32038
44926 47221
62776 20599
65082 63495
20297 54640
34789 50988
1731 13797
4065 36160
56480 51657
2741 65131
49813 54200
26744 48482
35786 5069
49891 25278
19761 23571
60217 59250
50120 10467
55047 10095
31807 27221
3676 8915
60947 980
61073 36752
48737 17109
49727 31596
52408 40565
48822 7153
21712 10756
34315 23064
4941 55051
45200 23911
58083 22527
31352 32875
40257 46546
35482 50813
29833 6220
32 22120
51890 33785
44008 2843
26923 29587
44555 64239
64427 23873
32435 43180
28192 47386
1632 36580
8254 64392
48465 24068
7591 47249
57165 843
55168 15543
31584 45115
63 19242
23106 42342
64876 65105
64499 30197
59943 7053
12826 59243
37784 28693
19631 7561
17105 20379
53315 48913
17112 12229
38863 25931
32554 61855
44273 24696
58738 15797
11490 15293
60523 18226
19970 5071
19386 3809
9214 32732
41252 42778
30446 12946
54303 13848
55086 64258
36776 389
44579 11642
58877 54662
52657 31477
33384 60081
50029 28075
64231 64403
50795 63718
36874 39046
33009 56487
57305 10659
38361 34569
13606 32792
13221 42812
56623 48114
24345 12641
33352 6833
23105 42198
16932 11420
49197 7174
45904 39537
23269 25957
44537 34616
657 55214
14167 14786
42348 13765
35602 2195
5679 5775
8767 16629
40749 36691
46802 9719
14889 6463
10989 50535
33578 2388
18007 15742
61065 12856
29783 55925
45427 8824
49736 8844
31426 1480
19932 57380
21087 6738
18017 59360
16975 23380
43030 11137
46403 54355
52025 18250
42031 21913
5014 35954
22048 38435
49502 21374
58739 15781
59205 36689
45569 7449
29764 216
40338 40651
36674 48035
45427 8824
15987 39436
3627 47719
57139 26514
21752 55140
41019 25898
26987 39595
62242 15648
65255 45584
15826 11725
22159 45873
30025 6294
45326 40003
28207 13539
40280 5558
45481 10691
40834 26794
10985 42631
46685 25560
49931 61957
30302 3744
14204 40153
8459 46276
53139 61029
61351 4915
10674 50117
51960 63145
38083 13012
57268 47419
27219 61851
34093 11964
16918 59841
61281 6397
50341 63267
32400 205
37919 30981
3586 56979
28635 48659
50309 14355
28964 43500
19416 37237
10994 45721
37892 38221
30462 28495
8388 47880
17083 51138
15418 46224
51417 3443
13331 32833
24010 51068
32486 14560
28434 57199
65151 31331
5522 16054
59424 17584
31378 21272
51564 25944
47907 56679
39654 51172
57862 10384
3052 2458
40271 18794
41528 64370
25959 61597
37117 53524
34134 15779
14895 11328
34534 19047
61484 61400
16241 8659
26564 41715
52420 5504
714 51050
27404 44021
15046 33861
18269 33190
19804 46468
1183 43964
60621 44554
14386 29951
15696 40056
27405 15123
52525 30502
32391 4905
8852 38302
48710 56667
24542 26310
54528 63865
7733 31301
22426 43724
4326 20162
22345 10836
3940 43629
47211 38572
7287 55574
10200 39833
48518 53250
34927 4344
10272 62338
43755 53890
30750 9894
2223 41815
28130 62431
1370 33505
25636 14059
46753 46309
11150 62347
28925 61202
37704 55023
34419 15219
57068 59065
15899 56542
48355 47967
49793 29529
3305 57699
57047 11263
4831 25711
24287 38499
35132 8326
45195 41677
2725 39789
30879 36443
28232 22269
10531 41985
41200 36052
50462 20110
44675 38876
45934 49828
61523 16812
20100 1455
5253 37726
48011 33479
38262 11204
24921 38653
9361 55825
3458 26636
56362 64750
31398 57332
65061 21264
61588 7
57284 47197
46258 30105
16550 60352
50206 61989
25491 43008
19789 43757
17075 39617
65413 52537
26047 53384
55832 6320
33971 61236
36642 33961
56197 23608
32103 7212
51404 10202
31772 39340
38692 60156
40591 62976
48396 34329
53781 11255
5503 48782
56214 50479
51480 40675
40142 1467
8652 25142
57719 54421
1188 44467
19183 43235
38313 32147
35434 32530
4875 47731
38996 12724
4950 60479
51933 49182
30717 1586
37268 49655
44989 58405
47213 19707
55410 22949
6582 16092
14555 52973
44317 32169
25643 17271
27868 35096
20498 38624
34071 60609
12706 5502
59569 41711
18172 29460
12378 31039
13571 11225
36901 10533
40882 60647
3591 3343
40478 51043
12265 28695
14637 11072
27175 57205
21532 8546
552 28208
5522 16054
25469 17027
26386 19885
3330 36827
61564 41177
51741 61486
60930 36038
45059 3937
419 26808
35250 18471
39661 4179
56509 28464
63417 31488
22360 20020
3059 41971
45550 40699
34708 33688
18790 35602
27433 33205
15379 20141
64154 10989
32969 26949
51686 24999
1488 5830
19268 59534
18948 44688
54471 2137
8942 1816
891 29453
55903 55421
57870 40375
34903 45574
16247 6133
42966 63953
51160 8908
28786 57629
12031 42692
28202 46176
32114 40511
44785 42002
36411 6645
55553 25049
26385 22084
39318 57865
37665 16411
11428 14211
18323 54026
38211 9547
28221 40251
32054 59122
59667 24153
28704 39003
50107 9191
29413 25084
41147 23743
60543 50825
29616 13561
3064 49819
32248 54695
10353 44673
10764 8051
59210 20453
44228 59267
19228 54704
345 22102
25847 18695
19545 20404
23122 59353
65267 47046
6973 12333
12371 31983
26601 59490
62700 47133
6510 41952
992 63610
9215 20253
19708 47736
58711 7043
1847 64702
47606 59220
27758 4112
23824 13149
619 38649
52609 63903
14131 19793
64047 30307
28599 51247
2811 8694
1079 27030
19145 64041
4647 43226
14662 60613
51649 25399
63729 47231
55462 45979
64385 18126
65500 10437
446 64865
14802 31796
63752 24705
1246 3684
39808 20685
50780 50893
10953 46061
54269 29194
9858 17330
13748 50820
10121 42336
16624 58472
37626 28472
48050 48083
23937 15477
30573 2185
62933 34599
55223 61411
32321 9196
51433 65453
16273 42526
31713 24597
51351 16006
61108 23705
37803 51193
30424 36612
14183 14455
12667 39663
58612 22628
58883 40358
46335 19794
17019 9243
49922 14982
55066 2599
49777 29081
54704 63048
54930 2777
24517 8023
21261 53407
58636 37799
12736 5068
44597 56306
11077 45309
40422 43375
63530 57622
17634 23551
25555 18743
20702 31621
58483 15231
26455 7851
21536 29593
3539 49549
57607 21653
10144 65184
34354 65020
46142 49228
18540 24771
3785 30127
55320 18622
33600 20327
57525 43449
40524 45806
4066 13899
6579 35437
61713 27556
24998 29853
16583 8227
6682 59983
59423 12501
6770 30826
56301 45912
31627 7629
23449 17165
65149 30523
22924 58972
3083 16298
10084 1659
29764 216
41009 46257
42502 33117
26842 35651
60584 29829
20319 32460
35423 57618
45195 41677
10748 33310
31524 44412
21027 57717
34528 41205
29692 26979
22032 20133
16999 57473
24654 17082
1151 61028
36234 42078
56576 26052
35088 47589
51292 50477
32417 20623
5395 49832
28680 41783
15349 52759
50256 23456
55882 10328
4461 45052
3953 13731
40780 15763
27685 42419
55124 14385
5740 45898
16718 54288
5010 62148
41313 15984
10936 27971
41704 27520
21883 58403
37593 8942
39106 58425
15293 40266
38674 46433
42349 25767
14281 13511
24008 51715
56446 37642
13888 30451
53820 17279
8433 65070
729 35990
57062 16268
43731 12557
17487 57700
32554 61855
3952 5004
36079 55893
3068 9182
63841 48988
58888 5237
6059 20282
64885 10003
51732 65086
42934 2834
22764 38263
9486 26121
38649 43881
33181 53418
59971 54083
40131 60843
33320 56529
41607 18783
37363 18533
24398 45794
41794 35968
11828 25424
27136 24852
1254 24033
20121 51276
61845 37319
1390 41133
22918 62314
40201 26801
61206 54406
58312 52132
57499 62151
55580 52911
10792 23384
28547 59286
8888 25766
47731 51654
54505 29270
17630 43032
7864 56332
21826 12573
6629 31228
49387 57067
36953 34726
36950 43848
40641 4125
17411 20660
42284 25066
21084 59036
62489 17455
15328 34392
29971 8205
26109 25097
29214 11092
62989 16514
37331 11752
12550 15796
18901 34767
37152 23693
39591 4131
62305 10616
28808 4932
52700 60487
43396 14337
10453 65182
61440 22467
50968 21011
60325 36240
1308 3350
10047 28541
3977 2891
35960 45245
36186 51408
21099 47305
19118 9239
2190 61131
54666 23377
22993 12713
16799 41615
29109 19037
6204 60424
13488 13080
58299 51816
10681 51421
63245 27781
12744 18153
1227 2962
61787 14039
43829 55373
3241 62765
34731 54925
59961 38342
12953 36658
1508 23837
50226 9406
49920 15169
18684 38927
15819 5560
62485 65312
8158 15332
61240 58393
30754 40053
22169 37644
16914 58842
28499 19868
16349 30058
29817 43167
18033 29367
35013 38176
55807 30758
30765 57980
57632 27952
44571 25539
64180 919
10095 3874
61916 38924
39350 17576
55927 15980
31081 32508
40082 38630
35710 44681
10789 22158
21324 20971
44938 47089
21710 33531
10506 2049
1082 50033
4258 38934
52303 5977
62014 5749
2527 50872
11193 43513
64807 34119
61084 35224
45264 64724
4050 14799
32616 32578
4857 51265
49648 26409
445 47039
39418 27237
54925 19315
44305 52519
49303 49110
41970 33166
64358 32872
32585 58111
60173 12685
8429 14900
22237 57804
20223 35024
36800 1910
30796 15946
13565 30018
52323 41790
15225 45000
16719 50395
56991 31679
44916 30953
2936 41741
52122 14463
38126 39650
56296 42302
14849 61487
49829 17194
43865 48292
47184 47326
58085 9706
16218 1364
64705 23627
47170 7414
49335 23004
4334 42759
44766 42003
22374 41582
1937 33301
11581 23392
39437 5480
25261 60273
61916 38924
48875 56619
42100 22942
57270 16259
23900 31753
62237 26122
12123 29468
50234 16239
53710 60861
1996 801
23165 60511
15872 42965
29670 50983
22929 15011
35383 4369
7474 9964
51184 18945
39640 4414
49751 824
18378 27838
27323 25057
692 38791
7156 21156
57988 57191
63676 10973
62810 22835
23470 55594
6119 23724
37501 18735
31074 57923
37746 46114
17076 52393
9431 5154
19795 16947
43354 1329
50058 13656
51176 14364
34359 19588
26710 878
39638 34301
54432 23546
35582 4244
707 4301
32203 53330
50756 9769
49484 12144
38357 20812
44663 7743
29758 9724
14925 5867
22429 47161
29870 48407
29098 59013
40700 46864
63083 12676
59280 22444
65233 35222
31578 45166
46897 60
959 46984
65317 27640
32288 1314
65136 40035
47529 21908
45929 26748
14539 5813
57964 53073
58523 20863
20880 26166
9899 55072
60252 18291
59266 36680
55822 24566
23510 57595
17094 58059
559 12218
14377 18793
56004 38893
7951 61679
43776 25406
58633 8224
18195 47864
4021 36289
56341 50350
61279 37334
60511 51848
29782 25214
38637 4243
23372 34152
54718 357
9267 35606
10051 34667
42804 59303
18016 46195
48891 52487
51373 12024
47083 14765
10780 5491
18870 29074
2038 5928
42676 2368
48694 10098
44454 50295
57902 38834
29703 57391
17443 11990
47660 36215
59317 31835
48892 1652
23805 34482
31215 7575
15654 6053
20212 58208
11442 15803
49849 47191
9222 17841
15712 51659
18183 24060
58582 36466
2919 27984
12938 33348
59420 4102
13724 20254
39822 61575
38863 25931
25299 33120
65033 15560
26730 56732
6570 64893
46045 24692
2819 46342
52306 50231
1120 20861
23832 44302
23342 29903
11740 41611
65287 15553
39575 32890
5463 32922
5582 35640
42766 50934
18973 60246
26670 39928
2643 63739
42723 11701
9904 898
32133 50607
32894 54434
37287 5576
43904 43384
49160 45392
51697 9037
20135 53646
27348 30997
11760 60705
22481 32174
14623 25107
12265 28695
57644 7088
49897 53931
42717 14639
21911 6961
25250 64417
19630 60750
27636 24899
37556 42297
44640 57521
2626 38480
55892 34196
35026 60625
3017 48101
41200 36052
29857 21960
48217 51689
8506 9841
4736 26656
45282 41937
26696 38473
32796 55711
15131 28034
58716 6254
44251 50904
60780 58777
40477 39557
48790 51133
20829 6259
48606 13923
1244 22447
59240 17036
64448 25051
59583 26804
32743 19640
7017 12258
9650 31145
310 55325
756 65006
55586 5581
34336 57253
56065 27164
64422 18279
46487 26182
41421 51131
44980 47496
44044 52744
23753 1346
61468 28120
5749 3719
53853 52289
59002 60838
6590 54766
39809 45847
47814 58612
23407 28501
59990 31208
24666 61549
46546 16474
55985 2528
29619 16953
47799 8600
10788 49927
34780 13689
51478 53006
54866 37059
14062 55240
3334 61817
33058 44260
33948 282
40334 1515
3976 39234
18049 31204
28040 58031
7962 31415
12130 58143
46074 28291
58622 19343
18991 54457
44415 46087
7772 19771
42546 31399
24205 62898
41805 46781
2933 3852
45119 16983
29960 5472
57663 30767
30728 18000
47621 38195
37640 45241
35436 56588
7690 30921
35831 17184
5175 64703
21270 60932
33885 31166
13336 55560
60911 7472
49956 17715
54519 62556
12728 30248
35049 44374
34133 53496
4311 35953
62409 32294
50843 3772
2173 25343
62723 18103
56604 22937
15831 27585
44632 28132
15168 46814
53888 8825
45293 48138
1655 50202
24326 47275
35375 17205
21734 17323
58505 60643
48684 517
36188 3887
49992 11999
40583 45879
61643 24179
47311 25633
22521 13892
18688 43695
56682 10313
20063 36292
64637 47723
37077 12085
6694 54971
17469 1313
36169 27111
41830 51124
29755 30017
33338 36540
57368 18213
437 64102
39216 21413
35391 45832
63153 58165
30855 58720
35272 4987
63986 42773
7940 15748
5691 58278
54483 41039
37871 51794
14447 50436
6947 39304
9025 45672
10854 65097
12835 9544
46400 21587
45282 41937
2226 44728
37778 50053
31961 54972
16236 61214
35758 10975
43043 55186
25371 45231
50716 14469
51015 52284
26255 49097
57609 56525
46681 47214
16516 1018
44891 3286
32646 44141
62206 31465
61173 19891
23798 18512
11406 39818
15486 47701
59190 34755
61289 54296
2205 26051
5217 37099
30071 54550
268 64326
41205 529
22137 16060
125 64093
17357 30985
51500 12948
43408 27803
45186 9951
15355 63931
39495 53551
6888 7725
15553 58830
58098 50383
51502 26540
46620 26856
35638 51192
35132 8326
59190 34755
52156 12242
26258 61992
17010 58234
49803 50129
2687 51307
25562 54445
5 10663
27788 47222
36763 54995
34932 61048
63448 64206
51250 26842
57128 33970
46661 6816
35024 45203
560 45429
3799 28323
55292 14694
20643 65148
12535 18524
50332 49053
11302 30087
3507 14859
58870 2107
33442 33072
40290 57154
64959 12443
47671 28772
16307 820
28948 7339
7022 54696
20453 51309
8409 46366
11627 51292
26038 3464
13494 42277
44214 3553
40969 35546
34079 1122
17462 42882
52416 42123
3686 18556
43499 24600
8121 54783
43313 31332
41881 47177
55126 45403
56699 48526
52382 2117
32855 33051
7557 21867
62537 4619
47318 13203
16952 11484
7127 33140
56008 54401
21230 37770
34830 24210
58768 40238
56796 49672
3557 38504
54423 21049
15154 28956
46095 46852
33906 19997
52974 24753
38755 1702
22434 5535
29455 7511
64777 13801
58370 8874
11012 20195
24999 51879
58307 53260
57879 44047
3493 22105
41783 54351
61557 22352
59319 21123
399 938
46322 50941
27928 146
538 11593
59773 3385
45733 34096
61837 23773
6573 30493
3776 3036
1063 48341
20667 41494
46306 53630
62070 31401
28083 56993
29279 48894
52854 36504
50737 8343
8995 32214
11237 62460
41683 16088
31106 17965
20007 7310
39218 62606
47771 36491
28873 39053
15695 5993
11370 50251
37168 40314
32029 43754
10066 53885
19481 61387
14853 40790
27690 5623
38214 1824
57108 412
49914 46404
26682 46854
14152 53704
388 21005
59699 64364
47767 32926
647 52417
34158 4004
29662 2308
40022 49020
29270 15998
44024 24029
36346 43201
10883 25522
58768 40238
64965 61821
52763 23262
19796 9935
4725 47758
36503 24790
55461 8300
46601 38148
56084 12780
58329 61296
25288 3122
16244 20089
20055 35547
44433 37505
3286 26516
61328 16462
24216 22305
19962 52218
4950 60479
49255 22805
21655 18847
16845 50899
5453 56537
49458 54044
23017 62070
31367 53310
3306 26456
2875 17092
60214 34018
59674 43652
7292 35175
36562 44081
61654 65477
31260 50266
7541 24641
63830 12545
51506 18679
33524 2419
61427 41419
16647 2136
18510 21575
47191 25448
4749 45899
3520 28640
26790 5282
60465 33451
41768 17729
11704 34422
47810 30742
43471 53145
7970 64519
10958 32710
42917 60994
15529 62142
21376 54700
55939 10331
41556 26430
14594 17906
59368 49242
17138 61382
56555 17259
39364 21319
62295 14676
47330 60154
62478 24770
37767 57344
27479 8497
17875 12589
64905 54688
16661 23749
41795 7738
788 64079
33704 60544
16043 53735
23764 49945
64498 47625
51493 53706
2570 10784
6971 34240
12085 37744
23557 29489
8284 41420
52036 36387
41479 44597
38562 29563
23489 9033
33301 46441
31832 35502
4737 64950
51686 24999
19973 36227
46904 11436
51889 17923
55597 48294
56847 60904
42780 48444
56381 62687
44194 31348
37513 63623
17321 4388
39279 50001
10393 20450
20086 7566
49581 61732
51899 8215
716 22300
36858 9911
36718 15092
219 17303
6052 4276
2817 38361
8644 30160
60033 40493
64332 51888
28815 19373
60658 37172
37627 28264
40201 26801
51241 13873
9309 62952
28567 51660
24171 34940
16508 43094
37565 6383
54168 4626
22899 45849
33509 43772
52185 17418
12875 4385
30503 19180
11779 7114
27682 46278
27252 30680
52309 57557
9608 28220
7379 28598
10612 35475
42444 49177
63236 56350
38782 15483
40658 52357
35501 35178
28673 24858
11024 3593
32034 44161
54351 2029
53084 39632
44104 4336
37665 16411
63289 2477
54975 4852
7472 30936
20979 24736
51579 382
4465 12664
8735 48291
22920 59489
14434 59715
46505 13920
6252 45210
15412 28730
9187 60362
33729 56986
48516 52738
25267 32864
12264 36290
45750 18497
10250 61812
46083 51719
46077 48904
60945 12181
29771 36386
27575 9122
36054 30157
45940 52528
54229 1031
30816 22088
44573 13484
43093 48481
40418 23692
57696 60195
44528 5820
48064 15434
3857 49557
42387 8201
13286 31068
15559 4961
64226 59558
53968 26568
21531 20142
53879 24117
4490 1437
6076 1086
33234 56338
18688 43695
53224 13935
43081 33439
7564 3962
3065 54021
60358 10308
12375 35690
34423 19720
20531 9832
25011 26209
39465 30474
19500 31768
7530 55593
49665 41391
40727 17951
107 9647
40492 6375
25278 57316
40846 9938
14777 16624
1844 61166
60192 48005
1781 4654
57183 25175
36526 59564
29194 3814
7249 28477
44308 15646
31716 48085
44420 6265
40847 26554
58669 5474
6061 37066
27954 37927
49672 28294
60815 18286
35065 45345
15284 13414
1400 51297
41948 59058
28575 35062
6125 1417
27524 40048
61614 8521
44844 47073
7254 33130
12248 29821
57444 25436
48439 31276
40844 10579
8359 10332
64072 64930
6177 56058
52847 8193
43977 41732
7012 25470
43959 11054
50729 16302
12052 13887
5758 24815
14368 65406
57901 7356
36201 9845
1844 61166
41620 8849
22373 15138
44156 54817
21955 55890
43522 41168
15757 54501
54866 37059
2893 5112
4394 49878
35389 21489
41855 56670
42282 44528
18301 57752
50452 24339
7211 9247
10165 15733
62457 30602
57627 30931
58517 7468
30323 9803
63458 33935
17509 37337
27051 7945
40513 31777
1814 39232
51103 55365
46211 36929
6910 61939
25004 6803
42803 39665
28720 63314
51113 51820
60735 19401
64327 52197
33087 54867
29247 18322
13045 40001
46788 50212
45594 20357
41746 8052
26830 58342
11744 9985
35502 3522
53694 17124
21521 37272
13111 50318
7518 48207
58586 29039
50378 26261
37464 4981
53880 56961
34716 35282
19232 35045
45090 49388
14916 1722
27354 22064
6251 28760
3717 51003
64662 33098
17669 18547
35282 60193
32631 33763
64262 24869
1946 15628
45947 19922
13280 49758
55324 39770
34481 11160
35261 11152
23384 20017
28031 9133
52013 30111
61046 60791
47679 26010
26661 30387
4943 35925
49379 24635
2410 21759
48559 61769
42425 30366
4154 19034
34859 3414
57187 14146
21918 23162
24316 41315
5360 44666
57148 58635
30719 47255
3772 14543
22699 42949
42920 3778
10589 19318
15477 81
11280 27717
44701 23787
8602 10781
54869 53071
58834 14122
46774 7585
2985 64564
14365 22087
35400 31021
34384 32778
8493 28938
59635 44215
57784 24325
31641 63362
7483 58750
813 63053
35102 48899
40267 25615
44126 33413
46721 61110
33905 24127
6368 9286
55079 33583
13334 48339
49944 38680
50859 40260
61958 53672
11080 36699
59997 6244
48422 14365
7071 13847
17982 34694
51687 62319
24697 60025
32350 7915
54140 7955
28581 10721
13962 63025
47542 19780
20747 5536
29939 5896
29887 24004
8781 44717
19635 48179
21721 36821
43653 43346
14905 32357
43345 34833
59918 62819
3527 12260
28295 62132
58260 7682
13206 6195
52789 540
10093 3488
744 3403
63744 55067
54887 7467
5349 49499
10794 63169
43098 36420
15798 55196
52453 46825
60412 35951
44293 61785
30604 39932
60127 36230
46530 36495
26703 11906
30021 27721
33865 16797
16329 53766
45219 8352
51697 9037
62634 24575
49967 11342
60804 19919
11386 37444
50791 52758
15146 22177
40165 64991
32439 46569
57634 27180
42859 28045
19775 6953
50796 22575
19593 31879
42962 32159
49424 52152
3117 55606
57422 43777
38784 11771
8801 32245
65419 37916
44903 28080
5552 44645
62763 3523
60453 18877
47834 14729
63637 3663
4102 35275
22668 55241
53102 2319
33348 49865
50808 27288
16458 56541
24425 56884
42547 13717
37983 60213
34797 55516
52157 53653
47407 65207
38145 49624
43678 52736
52743 48224
34947 12274
26527 48533
18145 35054
23454 43165
38648 47623
16838 25999
31727 47968
48127 6913
36407 23590
32154 25642
35365 16365
9552 22394
20995 43567
20861 57430
34250 55958
19462 20931
17518 13180
63083 12676
27576 26222
11920 20885
33423 13751
33368 58814
1099 52976
49406 15959
6444 43126
6903 23
35250 18471
39912 28978
63279 35749
59759 6114
33739 4213
61647 30456
36363 32249
42031 21913
52009 59800
48058 14927
10271 13373
2343 25109
47244 10411
45386 27068
1527 49611
23011 56440
11144 61322
2454 55221
45738 17850
23713 47087
38053 4297
57949 46522
62761 8108
26742 59819
2854 22897
45691 52541
42547 13717
21292 49820
47565 6223
49438 504
2831 55317
14751 11754
41098 44791
40826 39795
1062 50977
47544 8511
17208 8591
36987 31104
54910 22683
34125 51225
8493 28938
16917 53887
11657 4919
37095 19637
43469 14277
38171 42868
51500 12948
44946 20691
33062 29750
2604 34203
29014 54881
13777 58493
33053 35857
5840 45950
23359 12538
44900 6588
64109 27418
46250 65203
61369 30853
4915 60805
45650 28933
64546 60747
41611 63103
2920 22701
29500 22838
40255 24022
62401 39675
8754 64384
20130 49112
23965 52321
19018 2412
16451 62047
63778 5317
1137 9923
45392 51358
55972 30062
51725 17254
45885 13762
55075 15454
20511 12454
27383 1930
60592 6678
21915 17023
6049 42575
32410 2239
9060 32627
8562 37445
31174 22466
45700 49449
52299 1570
2270 43137
15858 26850
4809 26704
40931 14994
26636 23990
46390 17140
22757 42656
37520 13463
52850 12079
26290 50109
58886 38142
33032 30765
11246 39261
38920 34221
9398 6233
53438 58274
44396 47167
22265 2442
42601 34219
12651 59898
32796 55711
36434 46064
25503 50539
1969 44687
15331 26835
58038 51006
15130 29701
53787 5799
57318 38280
40123 13555
9671 13417
25647 15237
11722 31159
1122 16726
11103 61039
32473 42840
58587 62918
36640 39295
48820 29228
58668 7010
57166 1349
15969 2118
22481 32174
29027 5646
13228 3299
39311 8443
32968 18110
52385 13089
13958 32630
33324 63762
39780 35592
20786 39879
32224 23572
64141 63615
63694 22632
57773 30358
58430 58492
51559 362
48400 3624
50690 22080
14514 58132
25084 2950
8687 56818
5074 14123
3817 4397
34822 23178
42363 9192
52642 10500
38954 64908
55222 63262
43078 12994
7292 35175
16 23494
52133 61763
52322 23296
51378 7258
9586 33292
34387 14294
24856 56722
21839 34304
21374 7142
16119 21026
57323 16475
39889 23332
3979 37196
31540 19873
57850 21294
59669 23224
42776 2935
28221 40251
15154 28956
17591 43519
51842 25190
23524 15707
21002 17146
44039 4582
54567 7040
37419 51205
16782 6639
45194 1621
63632 2358
64605 42603
504 10743
26506 3777
31506 19877
40594 284
23846 27602
30500 59612
21478 26557
5372 18904
9754 37675
8608 64872
50394 40707
17116 17002
23982 36393
19287 27943
38931 15651
48648 46832
35126 37619
47691 9303
7455 47859
16262 36099
3770 3207
23543 64612
20811 14350
59406 43793
61618 40711
21097 64970
17176 12591
28439 9008
64466 17373
19593 31879
42185 44842
20793 39121
3290 2467
36773 59781
48823 49884
55110 15223
12144 38938
59364 64554
8420 32343
42368 36216
26579 21169
63519 17037
44672 34458
28927 26909
38921 30725
12435 11797
32543 1347
28871 58688
10432 3968
20817 19756
25076 33841
26178 990
22603 27499
28378 59458
27774 35979
58095 44004
45617 29388
23394 39592
19405 59857
15629 41554
17009 29440
58454 12441
58165 44575
14214 60214
45596 10983
5887 43956
45898 27535
15493 3217
61811 52709
61044 37733
65372 51589
44049 37660
37873 48151
35932 13518
40543 58451
35893 60591
58409 20271
58437 18493
62370 62873
31658 34264
48497 55236
58774 63472
24600 36258
17736 50460
62745 46435
28966 51585
47667 49205
48953 69
3671 23771
10659 32401
39101 46426
23439 37180
48171 15886
52456 15833
39308 34839
61448 48596
5839 27448
57690 59643
26794 30536
31739 48196
50389 52947
3566 10135
18082 14665
54129 16471
60102 18713
52453 46825
22722 29259
50376 39123
11532 46113
24166 12463
63230 36130
1629 24803
64242 40091
60344 41568
28429 57534
45378 16885
46336 3493
51413 7316
19276 41918
43251 1696
37748 62253
9592 44683
5593 65485
34783 60051
59531 46108
1633 6534
41329 25989
63056 21577
53789 4007
30890 50357
57331 48972
26600 28360
64956 10574
29694 18640
39624 54963
42937 59497
37926 56678
64407 25612
18886 61054
4651 38242
43926 7984
4432 45919
20249 30395
31012 46963
13952 32826
57649 8492
57863 55960
29015 5543
4905 25541
25429 3314
36332 42164
42529 19389
6721 56738
47972 36523
13711 65145
63045 33777
53479 50227
46659 48390
38113 16562
31315 4603
23601 18890
12163 28443
27614 18180
56508 60037
62502 6156
23099 16344
11478 22281
11485 62223
61549 27712
19390 21882
34211 26295
34082 16773
994 59654
60535 45365
64460 62322
43799 55366
28692 14988
52366 11116
41166 11480
21994 5192
18800 34409
50221 59608
27994 48797
11194 46458
19713 38536
29658 52968
7950 60151
40804 61479
4300 9636
13679 3507
7705 38717
53603 7723
37411 42139
2233 43838
35449 53636
64796 38747
63777 41894
33672 41863
40250 28508
15455 8363
21369 36499
45427 8824
6471 6494
42716 18755
35084 12248
41292 23957
29550 18704
4932 64094
32083 31769
55666 18114
18835 65319
65439 49090
65073 19958
44639 19042
44875 43025
15022 42
52210 48
46040 30212
52745 49869
21857 1089
605 41557
48072 62361
24081 37888
507 11600
1567 63190
60121 30240
46545 31628
63583 17798
11579 25148
57661 33308
59061 21127
56507 60523
29095 4902
9209 1418
7370 48592
8453 22324
59664 54724
5237 13970
29784 35582
7493 37420
45830 15735
49057 50270
44694 6718
38646 51060
2331 15924
10586 49983
36986 62694
44108 51194
26128 42995
43916 53107
60383 8782
21421 41465
50452 24339
54144 49798
23672 47101
60035 36383
13342 30569
60559 20927
29446 52622
14280 17689
51486 17708
11290 26944
25067 56958
17604 31195
59273 11330
1087 32121
28796 2367
52838 64594
61671 2886
19776 52556
1067 48013
41106 45586
4569 28798
23247 55614
15515 12911
51917 48982
46265 38308
10180 54597
23878 44718
12699 58245
25160 37873
55605 28400
50282 20586
42079 20333
2574 37365
58793 38427
7461 25116
29781 4258
51578 47787
38211 9547
30363 7949
44337 23988
5305 64575
2750 28469
7608 732
14896 46746
27144 4605
3266 23601
38959 16285
62057 55526
25517 30588
47895 61983
51111 21322
35551 5247
44541 42842
11171 60937
17879 16827
12499 52104
53118 5924
63451 11457
192 15097
50013 26695
38892 20205
2907 21665
46777 36151
5823 55951
32837 23270
50865 57432
39419 54922
51135 4678
44527 20046
61883 8654
45058 29652
13714 11829
58041 39451
46299 42571
43649 39638
18843 20952
38343 48917
47052 38684
17284 4711
30938 11756
41308 14889
28315 17874
42018 50428
9282 3256
63357 47234
28188 35628
37671 29088
26146 12720
13641 30323
42368 36216
46470 59719
38276 16495
40986 18520
56424 35264
27212 2785
25739 33069
8957 55211
53537 37148
28370 59264
32297 43081
25760 54506
15989 20820
60484 11662
59814 49240
48742 18190
18634 10315
2925 42207
31373 9296
27280 40734
46868 20299
10784 25788
18097 33319
39098 26858
64792 36978
6735 35205
8629 30232
54830 1037
53764 44446
242 62222
6203 45208
11370 50251
43203 60926
12668 19134
13046 31433
47669 40755
32316 51045
63353 3845
569 59973
48713 22257
53442 39726
27528 35244
39399 31844
29966 14503
50466 7322
48787 24416
48216 20553
49476 54489
8534 34230
27551 14618
35990 19582
23569 47385
50355 7568
61182 19271
39100 15674
62223 20330
61933 16808
55513 21158
39209 13527
3661 37364
58718 25777
13589 55127
25770 55377
45445 38476
19092 42861
57812 34700
26843 48433
4869 22212
49535 23055
12285 27810
65109 21986
38517 24995
14404 60815
7686 62101
40877 13099
32714 67
46182 18688
18877 15051
45647 62699
13308 6093
26541 50476
64717 22827
56965 8795
29579 42894
55697 51923
24860 51776
9557 9709
11634 4738
40462 12468
18349 45379
62648 51413
54778 449
9616 62681
50553 38558
63401 1017
21810 62624
36520 56046
14653 16383
26285 49811
2366 32290
39901 24670
8748 29447
4972 18846
64988 30497
18956 45270
16300 53435
20319 32460
61163 23826
63410 32453
1534 6811
1952 52735
19765 29420
40781 53315
32770 46035
39547 6119
49788 51601
28321 12402
10681 51421
30230 40417
7862 64738
43353 34442
44434 4665
31892 57878
54384 9137
17635 22408
33641 49958
4005 59165
50657 5930
20353 40672
21620 37520
12703 8247
51161 16131
14786 17911
19582 48535
49270 63431
23034 18232
7010 63009
13716 8977
44786 22953
56541 27423
45346 15484
61845 37319
30195 49970
55577 57799
26215 845
11868 42593
17346 56586
15746 1510
64364 11287
28661 32592
18714 46655
51845 15320
41661 37233
7555 57940
21546 38306
47373 59717
17691 15905
27784 27809
20191 51607
54883 7459
7464 5596
56707 25647
6226 30380
44010 26219
22902 16300
38627 49319
36229 50526
47632 50157
41680 36709
51514 5741
52230 61799
53195 21975
51390 21160
53635 9046
4796 55053
57670 41984
20383 33817
9957 24917
58109 42447
35098 60892
56161 23738
15615 15419
48898 58949
13057 57522
50383 49153
21158 51960
64255 46303
57519 15264
13050 4674
32766 2123
44457 47512
36147 36309
29083 18957
29235 11506
1907 61318
19482 58937
22042 43062
65309 16680
30080 23901
7451 45209
934 23867
42398 18889
31410 35
29651 62652
7608 732
53162 45283
9478 50815
48453 28585
59407 3881
27912 6777
14810 36432
48320 26876
22777 50784
34970 28539
1459 15498
35689 64780
30608 63721
12741 47839
25138 15691
11516 58961
17028 15462
63200 63818
5114 1952
13143 26914
37476 5436
20479 47052
64413 31752
2696 31012
21274 16208
19280 39619
12126 50201
43646 6371
37097 34869
34848 3952
55311 57897
49103 15741
58909 21589
49150 43243
20622 58559
10879 62529
17054 56983
27001 63034
24691 10179
20346 45974
45375 13231
32025 35464
44761 46777
890 37150
51883 11790
23650 44854
42423 52523
35469 53072
7655 7313
14176 47426
55538 57376
25668 28535
38557 3984
9706 176
44982 1053
48306 32940
34225 17882
32052 11356
16555 26667
3085 47119
36461 31472
32035 52285
47863 9347
10781 4467
3227 13068
53932 43647
30511 59501
58059 32242
33012 29613
11797 52137
44169 30969
29293 7244
8067 29121
8517 59044
17048 20601
32075 53956
36484 51334
40620 43300
28957 44150
10735 51953
53349 18548
40441 747
13191 49703
10705 20432
63267 15216
14236 45824
47358 19099
64015 31004
23958 28375
10250 61812
23468 19014
57223 59156
63443 46306
48704 65515
11186 48935
51375 16690
30221 50064
4773 53282
17813 35267
37261 23069
34328 13855
10377 54730
40306 7889
28115 18235
53161 39205
5556 57113
12447 28297
12553 32083
7650 26076
26849 48415
5295 2019
2490 46377
63160 39142
37819 64918
55415 36841
17380 19774
15280 29636
48534 13019
11205 51190
45277 35418
44427 10889
7820 64955
53177 39437
14120 58648
26003 19066
42821 38467
1072 40926
3671 23771
3248 54572
33193 7001
65075 35814
56130 4903
17549 39453
45349 10842
42904 6670
63813 58668
359 15118
17933 8333
19417 38806
13331 32833
57479 61555
19778 33665
25780 21280
31138 61376
4588 52038
22996 45378
4969 60902
36183 25646
40512 55489
47003 12393
12015 31798
17219 53293
59221 14369
42437 41716
9801 43836
40841 44058
2008 39831
32137 6684
700 28106
39132 57368
5678 17696
64452 18009
30397 19379
62072 51889
50901 28996
52383 36262
35309 62206
51779 2802
20125 21546
45837 58284
18641 15084
50306 8374
20987 1382
62078 31417
42081 45108
57035 57426
18616 7325
28415 22313
24742 8457
52149 15919
3520 28640
23575 13121
52696 31868
8315 19031
24357 48375
9947 42775
37755 22323
59919 29379
24028 48474
41277 47927
26790 5282
21193 38677
6047 48930
30994 34712
9008 25429
54535 39320
43223 17411
50970 7259
35638 51192
46293 367
58943 60381
48826 2281
51738 52111
54778 449
56722 54705
48066 47920
28338 62004
51930 65055
28058 15375
7688 55934
45334 8968
63992 11393
41607 18783
12558 37882
60906 51174
22273 55293
56998 22153
34682 45579
50456 11350
14347 5885
34884 35050
13126 33882
60088 51456
3119 24968
48968 37269
59745 26786
20643 65148
62636 22673
14130 13543
27201 56250
3488 295
2343 25109
42692 64150
62743 12430
49197 7174
50538 44931
36021 21380
14819 64245
30646 62493
13485 18305
29409 25068
15880 29237
18491 62329
63608 39583
44237 47717
15576 47946
52915 42238
52502 28031
40380 53949
35157 13979
4709 44075
56972 6677
50162 60346
59994 59574
18312 2849
32012 43759
58322 35221
11192 33573
6507 4949
5108 63060
46509 35357
8923 42623
10806 10232
25069 4499
60225 63582
10770 33071
59566 52408
62798 59124
1375 8469
2989 18085
12198 55264
48480 14278
54220 54250
10598 29486
47268 44656
3303 64215
18429 57656
25110 28095
3247 17547
54718 357
18557 29688
34462 41071
6566 27577
32117 776
6284 45932
55491 55225
17227 30292
63017 52381
41956 18566
48002 9078
3120 56501
28311 21521
14147 47969
57285 26717
48861 19462
10651 38915
20032 42760
10328 28895
46553 9556
21167 41470
34077 25289
12511 1791
52294 23090
11878 42283
306 56695
18099 50777
57453 3225
54208 29164
4934 53500
63681 5384
22034 40645
18789 48617
29949 7500
17670 35819
41423 13508
36575 52244
57242 62097
18616 7325
50754 32819
25245 43245
59730 8477
30475 16814
9728 126
40509 55692
21958 10758
36357 16633
7347 21379
61468 28120
44039 4582
48253 14646
20308 6465
19947 58507
42297 28775
15922 5259
28836 16361
18866 12867
35615 30676
17920 17775
7732 10165
20794 43886
35165 16033
44128 53606
20511 12454
28572 40898
28618 8168
34569 24538
34329 63401
14366 58417
47842 33582
49992 11999
3393 32376
26065 14699
6892 4127
55498 3826
36487 8406
62078 31417
40290 57154
3989 55533
47152 42567
11531 1177
58466 12321
50694 6036
54394 8838
62418 33540
48527 51817
58980 54305
46368 35003
51022 22799
2114 29093
35363 54089
11164 2970
6503 32454
8703 39647
7229 51232
43369 35461
15129 46451
37065 6655
43942 48205
21378 31778
18404 57020
4316 35226
23207 24475
39897 47369
64329 2641
40147 27653
42152 27074
16731 1007
34529 19906
16723 63250
37705 15313
48485 52377
42731 62424
37979 23958
31052 2831
13247 6549
33643 47004
3839 32040
3845 45745
12294 43607
29257 47094
39001 34271
39956 14990
34762 51447
17787 11243
38417 63351
43069 31655
51087 47820
4156 35642
64971 9952
62066 30529
52609 63903
12917 62980
55050 61460
22317 46801
58764 59563
32783 21666
47331 47436
51511 37743
35540 42130
19094 23258
7286 16815
25152 24552
47378 20724
24968 48799
51084 39920
12166 23861
30271 18253
22435 5279
37069 32542
46229 24745
57698 58076
23646 13612
35256 5132
36582 50995
28605 54708
26171 64148
31708 54760
49362 17873
50316 18631
18180 56264
64672 7216
30951 16821
10655 5525
27829 46563
34234 44287
19587 31823
43208 31892
44974 55475
48709 65532
58796 21840
2987 26635
51450 41944
3340 62054
18782 48009
9878 55019
52216 26265
15299 29062
55355 20203
33388 16061
15575 2253
46710 31563
60141 9479
31266 20611
40859 9317
41551 50760
60760 48113
35094 64361
24102 33175
23678 13606
6759 32527
47008 21657
26328 59744
48367 1828
26927 5557
59493 24553
21671 12129
12572 57930
64963 36476
49963 62712
62040 3202
24311 20795
53206 27222
5144 16655
10618 24474
31397 34110
9417 21283
33686 6859
45759 38945
56793 39226
34689 58759
18798 47571
21214 25976
28321 12402
46191 43412
47735 17187
11627 51292
43931 22564
35649 57022
48702 51054
22717 8488
25452 29912
14343 47833
21309 16694
57098 61873
54709 2366
10336 52269
23379 3247
21327 33357
8522 30419
49693 23781
2618 62560
20351 30863
3476 35020
42380 9944
60473 33094
22085 27611
5478 53198
19867 18318
55036 14488
53765 3732
46301 8340
17796 12630
35272 4987
30233 32058
55242 14033
4014 48189
42512 64157
34837 59626
41482 20801
10553 62856
59733 27940
21138 39601
21901 56254
42701 49219
15255 7782
49037 58411
44106 12838
50060 17634
25231 35532
8927 35989
11830 46475
9798 50989
12505 42632
46929 40530
615 49345
36249 53176
50446 61070
52598 53465
54937 229
20984 15369
44136 28288
21530 27751
46303 59757
3105 35168
28398 4437
51505 38222
58677 26090
51777 36217
64809 62510
10005 27326
17433 27993
17193 46514
29730 41153
15390 33080
64205 25425
60705 24812
6598 14043
10888 3641
12952 53772
19175 2361
31456 8208
45869 34121
27213 33782
46634 33092
22176 44208
8245 63118
22232 60923
6360 48106
9547 45422
46623 27117
12523 40838
57661 33308
31907 13450
46043 29917
56931 28849
5709 27475
6817 30976
27423 28419
58103 16639
4886 30122
38678 45523
38172 52073
29470 59665
47932 41211
12696 60143
22306 58121
14477 33269
11146 21128
1626 36701
7680 29842
38846 3873
118 9705
42896 710
59836 5449
58072 33402
49050 45134
15586 25466
23316 15018
38818 58578
19391 32567
17232 33967
59926 60294
40557 64234
17752 64744
12103 15267
29062 43533
19428 64267
27697 17978
47248 47682
64744 14878
4884 3230
17672 62931
37548 6513
62132 46954
5385 38347
51436 16241
18617 3371
56327 10604
23844 7897
62222 39388
17234 4682
35180 14006
56315 47995
36380 25837
2447 52770
47834 14729
26924 29896
28196 16354
44098 45440
50985 60993
12308 58561
44243 37268
63619 49032
54366 7089
9061 64822
49691 39566
8387 29634
31421 8211
64576 54769
56795 45780
2391 51683
13605 20544
49063 15318
1692 27566
14751 11754
58677 26090
21389 19507
52715 62474
8842 21601
50512 21048
59861 447
63758 63283
41689 59007
49956 17715
58245 56762
40806 53286
27710 54976
32901 42547
19921 3295
11831 56272
9506 30984
34813 48853
23047 5082
33971 61236
5645 50185
56856 19902
5024 46944
18340 7603
13179 34225
61866 52201
3539 49549
40173 58083
9649 7529
30092 57069
57354 34056
43502 43976
18064 44511
51536 56080
63969 53574
8013 19283
16899 65483
14217 15840
39311 8443
8925 36592
5141 54879
15606 46901
28014 3140
27052 6636
26996 26729
18941 53188
20468 48785
12387 58297
40105 45825
46032 40731
54205 36170
42168 63278
19414 18379
49144 36965
29339 48068
15695 5993
30135 55873
59242 7394
1041 33306
39132 57368
61464 23970
33116 46052
61923 8302
39330 12581
9944 43965
1179 47070
41927 7359
54760 6160
56858 23455
965 26626
4601 41462
34667 34254
34123 22388
10653 17625
16043 53735
31002 40639
2096 43026
50197 11823
18499 839
45435 31531
7192 16703
12963 61548
45256 922
18954 1744
46918 6574
58422 60370
1372 14905
29642 58809
22642 28918
64202 25473
994 59654
63274 59040
5754 48627
44014 56790
25275 48985
11917 55601
65006 39442
2213 59905
50180 22093
51557 53722
12843 57309
19701 40270
4194 12012
58361 41321
53462 1413
25041 15991
3128 63904
58410 53003
8663 27443
38330 2287
21422 33829
39834 28028
63801 29880
27654 2619
2236 51022
46957 44265
33659 36175
64401 42706
61855 31384
2913 18310
54709 2366
37501 18735
32174 59600
10871 28223
30701 33548
55298 18155
33933 40592
65394 3011
56730 8669
32544 64919
10245 64356
25409 55034
53974 62229
30516 24668
8992 21301
8631 35350
34398 56063
6361 16547
63658 47849
20380 45070
14345 44296
52281 26006
22953 51481
45842 26306
14062 55240
29867 19383
41361 21220
36902 59478
57425 14074
52505 62367
15154 28956
24066 10668
59013 15888
31015 31775
41991 32312
21573 19790
34208 1454
47034 44268
22883 46380
29763 7593
5258 29751
16293 59485
39576 41192
44752 54185
14283 41926
15262 62267
33454 3182
5684 2200
46421 42308
61860 62513
45782 19204
228 35172
48223 20317
31751 34505
30635 30832
34345 19592
34169 39784
14718 33546
55403 30509
34823 2901
56880 23930
5375 24871
43988 39590
4352 27154
14844 715
5405 7283
39598 30679
36187 48308
11908 27729
61239 57039
14536 4319
56716 11690
9073 57529
44952 7936
26870 60740
22156 59772
7143 44378
51543 24582
21728 5807
8775 55568
55481 64462
24320 52588
32455 48264
37038 7808
54071 21578
51449 21870
17570 3423
8268 57528
3723 43666
45602 44204
57688 54417
28109 55618
57583 12850
31850 11978
20588 18645
36163 1137
41812 10771
40279 5104
54523 36142
2088 16184
6672 15090
2695 31508
49931 61957
35717 20535
40601 2434
17959 28397
56793 39226
3455 50742
46407 49704
18919 42806
65388 51242
61709 17765
34259 15565
30922 915
14768 7622
38552 42707
59302 46932
9386 7947
56199 61265
47055 2162
31150 40263
36410 43445
57381 41686
40139 15173
53759 11443
55230 2866
10997 17117
1097 20827
54541 9118
54485 63536
46668 51824
58152 6077
52292 45090
44997 53065
57819 13683
3491 62086
53131 37076
9481 45079
8885 25527
56690 8794
2775 40438
42213 36158
58135 4367
57010 6058
53704 35613
54808 5243
55548 15686
21056 19584
1675 25232
34964 53416
55642 51497
61495 63907
17438 37654
8801 32245
16 23494
20168 64035
41942 3714
40719 60935
38447 50839
3816 48416
48757 1590
1439 453
21001 10111
8793 9711
26793 25447
53676 40342
20599 33359
32689 15592
50763 38740
45174 9255
7996 13572
51822 50132
41614 36568
12758 49879
57122 38928
2639 60358
44897 37308
12959 10473
20392 25542
60401 65117
12180 65425
51491 52683
60566 47897
38711 33105
15602 15379
7587 30609
990 13574
27000 13665
45452 30843
18088 13358
6708 13568
30577 42951
52550 40045
20402 3022
4617 14155
33989 46043
19940 18869
37966 22377
45542 14269
12094 9333
25625 12540
27363 49659
30834 8872
49995 63092
44694 6718
1422 43677
26560 45911
60598 59580
16497 41776
58627 22774
1285 57037
30361 2002
34357 35503
297 15230
14136 30723
50030 50573
59626 5615
11181 57374
18731 20524
17595 64549
10329 48918
5488 47267
47619 37694
899 1473
35307 40993
6607 64774
52692 51084
36795 5657
10364 15208
44451 29868
22413 56507
31137 37830
64023 13584
13703 16959
2348 25373
20250 45484
7383 33823
29944 34558
51212 14281
10679 46480
13036 24534
14079 53167
55441 63020
13054 31305
57550 55200
31288 29035
38198 36457
50742 37741
21254 28091
3539 49549
47024 22874
17240 15494
42636 12150
13237 54549
4087 23584
46178 9714
12320 44088
3365 13977
21151 6722
56216 4836
2014 6356
50200 24280
52539 30136
4380 4099
64638 45007
29893 53410
55566 28062
20259 56101
29342 1895
47134 57440
6992 34412
16788 56266
28370 59264
36757 50807
6828 49255
60345 61711
55650 28961
39490 45102
4775 60364
39420 54125
25743 11958
40587 2393
11350 2213
21349 57904
43535 43102
35992 14440
58817 49994
17603 38137
26370 47201
53714 52582
16418 48226
52522 10998
10566 42828
12376 55119
10919 52031
45799 3050
1502 5787
44849 37350
45731 43855
63700 61063
3876 2443
50939 40764
39156 48434
42434 30737
11170 41006
24372 53180
1555 32784
65414 24608
24732 20418
19832 39136
32624 9186
60485 59885
31395 8134
26564 41715
45472 21291
10534 45580
17832 13747
56073 46567
39175 58770
14353 16078
7238 58700
22683 4005
17772 14705
13258 48993
36038 60610
26319 56351
59140 14008
30138 64588
58162 59381
23907 52465
51121 44101
29862 21710
12621 4478
25110 28095
14940 57326
933 52564
47696 52050
53280 36920
48108 63897
48406 20584
42496 21419
35561 30091
46863 2167
62661 3106
2796 34485
21793 39236
16146 17181
65137 17052
1129 17407
44452 13782
48851 10759
54074 50621
24308 21602
39213 17523
2077 23398
31629 54488
6217 37723
54275 17404
33151 44638
39587 4389
38698 61772
15315 51411
24637 14001
18583 48107
5947 34211
24632 36259
55536 944
7396 59187
55439 27750
19848 63665
11800 63475
28703 12930
36714 46700
58412 56443
33466 43247
20380 45070
34042 50044
40164 59907
59083 7702
38752 38565
56696 47700
7522 36588
8781 44717
57119 1953
40977 47280
8017 3938
92 27145
19176 55684
45751 21129
2793 58151
27861 35126
38656 62809
39877 4312
3497 27578
13282 809
25220 64421
21270 60932
21245 22883
28203 41949
62328 38831
13324 51378
49571 63273
24784 30053
61777 20923
57863 55960
51986 61454
7720 42449
38777 19458
18765 27175
64405 51744
9923 48376
49757 64026
53736 30219
15277 8869
1290 3756
63502 47383
39524 23304
13613 11444
33884 61900
450 30933
50940 10678
50169 59460
51746 36846
10583 4973
34252 59816
16906 53667
24119 33363
1152 50625
51461 35459
30234 52506
43408 27803
58426 32601
51635 3536
48269 2387
47597 59943
9624 52888
21056 19584
6672 15090
53176 52920
46003 12289
32737 38371
56604 22937
32605 13563
2311 237
41517 12068
23802 32742
44185 55452
42081 45108
45174 9255
2951 42589
16228 4969
35555 17749
16379 7874
37218 54153
44538 6872
4551 21361
54289 21791
38064 29303
25052 46922
1375 8469
25295 35548
10311 58995
28702 57874
56554 61726
25776 43974
42667 12588
18818 37439
45491 45732
40084 57414
30538 26847
44159 19870
22937 40492
57065 32651
55787 7712
16784 14162
57923 24115
20938 36953
37144 44946
29464 5716
16515 52023
13987 27087
22399 50382
39338 2725
41001 46686
14450 58843
8203 31316
13023 14104
23060 6282
12415 20825
35167 64453
47976 11368
1282 38295
27127 7691
52066 9026
37928 41414
36013 43341
53680 30670
34468 3378
7857 63468
62871 13074
32059 42564
36041 64639
46237 21421
2513 29722
32824 44151
11658 61708
43065 13009
60816 11294
49948 38704
53315 48913
19109 21270
63999 29985
60314 48613
10388 33685
56736 40361
1254 24033
34452 9501
40269 10892
34227 10877
12861 15856
11666 50662
26675 4858
51621 16425
15532 27669
30524 30143
35555 17749
5890 59859
18692 10349
8660 64324
47918 37380
47296 43774
31737 44300
52599 59968
61368 51518
5264 59679
34099 14061
45167 20129
53904 14553
17099 3710
41384 1997
22149 26861
22935 40850
17613 40533
28398 4437
15723 45647
52430 22613
34354 65020
1692 27566
16861 57180
24388 21480
9520 62152
33866 51675
43022 50598
23754 7304
46986 57270
23438 32394
26037 34870
50826 55926
17680 3917
58763 34640
64937 25498
50230 19802
47153 25866
41099 14026
65470 41747
34972 10499
9713 1911
35731 8397
44939 25468
38663 34557
2489 23614
2255 8668
17606 56871
37141 31744
39209 13527
23296 25856
43659 1327
15332 22692
11078 10529
10186 16045
43146 47012
5646 37311
10038 22934
44356 49608
61895 11396
21687 9618
24887 35075
7685 4265
63373 53796
13546 43921
35406 4462
29719 19135
48915 41859
22953 51481
17902 18434
5185 8306
19700 60996
64671 57277
46065 29910
28821 1023
16208 48216
61636 9982
11005 17061
17925 42102
42661 45633
64693 11013
27563 16922
60238 43043
34887 41100
22575 27613
23776 37626
13557 7683
43338 64247
20839 6926
7375 43643
12135 15941
35805 50654
31067 48766
40336 8613
2877 59868
60593 60226
23717 10539
15490 65513
12336 54092
40405 49875
27985 57429
22552 43883
17965 11166
63140 22201
37637 27433
4564 29398
15137 1128
6426 8666
51798 22454
36747 7432
6594 2365
34040 36640
10027 8947
33491 15165
29377 20943
39223 35940
17094 58059
8032 44556
31509 61186
48184 8623
49890 41676
40875 30580
65014 31241
26804 19127
17849 31506
41884 24166
16727 14379
14591 60983
2971 35294
39778 36517
63065 37216
10366 16023
46977 3330
43113 10257
33479 9592
48716 26145
35252 37067
62995 55015
34570 667
7915 42905
56232 41812
14131 19793
64430 63819
56618 64890
53254 26134
60313 19831
40361 53249
38803 36347
49110 1445
8673 49545
49769 34573
3875 26296
4612 49011
46972 15472
53440 43694
47983 41549
61438 45067
26799 50292
19109 21270
22492 1585
1696 25651
18428 51103
57466 17752
28642 46837
22605 43712
35251 38506
13967 14714
27245 8186
60600 10544
29197 4511
35147 47803
43822 43978
39302 35669
12770 28974
61642 1757
18768 57452
64719 7344
37924 45061
40347 31429
33658 47295
3336 34756
4210 58822
9021 23206
46056 35492
37341 8741
13666 15925
64853 39900
46026 63445
7185 21922
39782 43119
60277 29790
46474 29691
33573 3204
57554 33068
40963 65052
44084 29386
37187 18854
5573 34446
7246 31368
38077 13784
61632 28124
14719 14362
31642 36947
47105 35140
14301 57927
12506 20574
16822 25223
8661 24050
51363 18979
54378 50332
39441 36494
16509 50406
21222 38568
30417 63726
26188 58963
22368 4671
13361 16838
27651 654
7000 8295
17081 37449
33929 28672
34669 6378
3561 36355
35849 11481
28745 42227
35626 23607
48195 44633
17267 4440
53297 50365
19120 53604
65505 59755
7620 54934
8591 10374
48942 60944
34145 60538
62196 31737
36426 52245
21408 36693
9448 34236
17655 36016
28922 4885
25389 5142
18029 26798
45722 57224
16067 35924
7 14751
30162 33153
6632 49649
44804 34931
51672 52857
55391 3896
56215 17083
34002 55473
3352 64782
24846 50764
44642 566
34357 35503
52690 54529
53195 21975
37403 51113
24930 37876
722 16288
5909 31969
59574 46148
54069 51364
50095 62698
22221 53342
26652 12096
62781 47430
5268 12769
46234 63689
56679 14229
42467 10424
26619 9402
47559 27596
48766 3645
34485 37693
56089 16576
4806 1419
25990 14207
36627 41896
7398 47669
65465 59052
42405 61073
39585 33408
17294 60228
20981 49164
4389 2026
41426 60773
24268 19459
23988 36335
12405 42804
48992 45588
27288 5866
65247 30124
41762 45858
42462 35621
21644 34541
47852 63560
50365 44405
7946 11592
47611 40773
7890 57425
28704 39003
22155 60810
1518 54944
31107 64251
61526 33129
65206 48234
7188 6297
2489 23614
18165 5155
48861 19462
38242 18989
27565 3186
8640 15690
50523 16269
36408 7355
19427 63258
64576 54769
50653 5394
15984 36218
43012 53905
3851 12796
3521 59516
48960 11110
28900 45801
24842 26393
49433 24024
58496 31801
20224 9331
56717 23778
56707 25647
49457 53692
43025 9399
60634 59010
56176 25486
20172 56982
62989 16514
11164 2970
16480 39291
19661 1537
36990 8752
60478 64386
46206 3431
19238 29024
45188 31112
52009 59800
16565 23766
1253 49238
63145 338
2179 58363
59977 41829
55686 11991
2665 22430
60689 35292
19125 6427
22970 43932
48770 20260
6798 50798
12976 5263
20265 20709
5638 16039
12923 34420
53201 26375
33471 36881
37644 47281
57797 27134
15735 24093
3747 41289
51631 43161
4212 13228
27487 2431
61659 55975
8050 9069
59443 20659
36062 2
46394 30001
29304 53296
56738 62524
15661 42950
41000 50356
52182 8909
36399 64209
13153 5517
23917 15008
35923 32028
14606 27387
33970 19915
20615 65140
6082 7446
37737 54094
33902 30443
45167 20129
58550 8456
21606 13724
34773 45148
17212 42860
44207 7159
48580 47924
53227 15975
48903 63528
15802 58222
10411 61134
31642 36947
42538 43934
53855 6073
11730 48497
45650 28933
38163 49202
38372 44588
63432 37243
27671 54340
59681 14254
41841 2799
48687 43841
58326 37750
8540 16022
28567 51660
45726 36487
39281 17277
12625 41854
40290 57154
55372 62207
6037 22595
58762 179
17443 11990
60680 44331
45195 41677
22743 13719
51906 59130
41856 46585
57596 62823
59561 14861
21308 60439
7077 55095
36526 59564
23854 23458
4236 36405
54279 37466
47309 51127
34107 17062
28184 61586
38315 7869
1668 64118
22766 43979
13891 51395
56918 23081
22882 11802
42018 50428
58671 18301
61031 19036
47130 57324
13835 23985
22064 1970
1376 34391
28221 40251
63705 289
63824 54414
15399 54027
63864 52780
32907 43016
31082 52860
34344 55098
7825 17958
11359 1470
58352 65059
19963 19938
7976 50817
46840 20581
22812 23124
42910 2630
12559 35652
49501 24605
2271 47394
41792 51030
4518 19982
7651 46225
13199 12299
9168 50684
37357 7315
22568 16291
26266 7850
32662 13348
41018 43870
7612 1024
40113 34238
52917 553
13003 29970
16482 48274
14067 50393
6516 27967
54149 50999
43246 39070
15077 9212
16174 22241
55760 23236
37881 14096
56075 43803
29385 43434
10627 18484
37615 2811
36669 61947
29891 16995
9976 48109
53111 11203
5008 13576
44640 57521
31969 9939
33525 59971
64633 619
5587 27055
21560 63952
36796 32713
21147 6089
9856 28619
41014 59041
37547 52988
62172 16275
45146 9206
13773 23597
25174 10181
64886 53734
30875 20274
17694 47601
40661 8933
19455 58606
13353 54608
15079 34181
17549 39453
41745 50143
28900 45801
15619 56733
30184 7323
63134 15352
10917 32286
38103 4363
7667 54511
2722 9235
17487 57700
39630 10246
51809 22046
45525 64060
6308 50735
2907 21665
12329 30410
42427 53194
46171 23956
33300 26649
37600 523
24528 46795
27589 8244
40935 16760
36250 25694
46962 1556
16503 16592
58580 38912
32441 45811
5648 41943
10375 20451
31045 12617
31981 33027
35626 23607
23009 38048
6085 2131
26426 2928
22120 46157
47117 61100
20538 31598
27780 16401
24634 62964
38957 34396
31355 34577
25875 4232
1640 50244
279 62446
54541 9118
62842 38972
40130 14005
54029 24322
45204 30995
62419 37474
39896 28983
46907 61864
21197 21077
45450 62310
60885 5926
23306 16228
43344 45916
54235 46343
34594 24517
29841 9405
15163 43000
55580 52911
24075 22041
16160 24433
30366 778
10778 62566
44238 11844
44739 31875
20121 51276
37749 52009
63396 8796
59850 41764
19376 133
25535 28660
17738 42335
50231 17764
2148 56269
25013 40232
58412 56443
31280 612
63294 22588
56193 8314
29219 3227
20951 33939
37895 53409
15279 32609
30938 11756
13903 27800
13282 809
36646 42635
31595 57166
13502 58334
31328 35101
29674 22415
65058 38100
62453 26066
46244 43208
64091 14810
62958 57662
55967 6634
12961 63331
6180 35885
64227 18024
21134 483
48412 40319
52103 36803
3012 44668
48941 24755
50950 64619
42459 8421
776 35265
54358 24100
26396 43316
22491 48705
59482 39147
42240 17257
18802 40463
58513 18813
51351 16006
56294 25218
12790 63367
36102 32737
14028 53910
38726 33898
35367 51507
32858 34084
59709 25141
19585 37392
4338 62678
55361 65471
41036 42372
56139 45748
24088 19822
46581 5431
14989 16645
34818 42711
2567 65100
59127 45880
5380 49063
64220 30069
49959 35908
60104 38036
55702 49196
13542 5577
2132 43394
57718 39138
26468 60262
13181 30677
2685 10456
11549 58482
41319 15150
62742 43135
43064 62578
21212 35846
1053 44207
39049 20249
15210 60746
45899 11111
15159 46154
94 20908
1310 54784
32268 15689
2463 64693
14660 3966
41100 50915
47542 19780
41069 17424
29389 41386
29693 58305
21524 511
51124 7211
46028 61473
31561 7574
60683 44498
20800 22139
58007 60579
19212 45341
14084 24657
55985 2528
58855 42250
306 56695
8450 42270
16323 27735
19199 40131
48891 52487
40310 31369
20458 50141
44416 6668
56256 43806
63934 49736
24652 53594
11424 24394
60333 12669
35597 28628
33730 26573
15214 18328
42019 22572
23577 49470
65063 46192
43488 55976
15249 53480
40929 63097
44161 39635
24226 63090
30093 19935
62353 59388
52502 28031
31951 56887
59294 18354
2455 25873
52079 21860
4391 44924
61093 56755
30242 211
40340 39584
31615 55387
46272 2191
17019 9243
2841 34104
9915 3660
6806 53698
63305 35745
1762 5029
40737 18142
50191 23150
59206 29744
36807 14755
8435 54807
930 28105
62517 987
14622 50
49871 45631
13231 19369
22935 40850
62923 38696
65294 45924
32710 14734
32102 33111
32707 56647
25275 48985
43604 40168
40 47568
63804 37988
63879 50026
33930 19296
21610 28496
2147 18720
20123 40226
24049 44619
37489 16855
11612 32112
50537 10752
26182 21919
20420 48493
31068 14739
49616 64792
45576 1605
32828 6458
22466 52274
32891 26740
45070 9319
22375 24737
15674 44299
47573 30260
58606 56294
55935 22622
34398 56063
29842 42063
16991 28215
39957 24255
52288 36221
65317 27640
49196 26885
6391 62859
45379 4093
41545 57800
17160 60814
15016 62689
23084 7137
45832 34478
62944 34488
870 22274
51992 23144
59451 58072
54634 39758
53955 53670
20162 57126
59742 23273
45732 27279
60030 17511
52848 51467
55765 23360
17981 14491
47330 60154
65117 42033
45862 15314
43701 5533
23691 55173
47513 11426
55121 48001
25094 38857
61074 33062
24584 24241
35636 21470
55096 31602
5976 21822
27028 28869
24721 9324
36632 1561
1913 3718
14697 57584
42248 25297
29185 479
28885 27737
12215 62040
3045 21861
58201 31800
40816 37074
42112 44890
44948 35091
64693 11013
6422 23170
37737 54094
549 35200
51853 973
45623 49868
48105 29848
56168 53943
44249 32264
5675 41206
37989 61401
16798 24075
59091 14234
46856 13222
61354 5095
22147 57252
38180 42588
52075 28037
63067 62944
18652 17374
62909 7686
30203 33991
62703 23099
16972 42911
2772 40851
20221 29642
52365 46263
13096 54659
49349 13350
57989 2691
32114 40511
26025 22451
61034 54620
23132 7141
58074 54740
7163 42776
34416 35481
54351 2029
63307 51842
26922 23408
5565 44933
9241 61814
14151 36775
55926 6286
724 50375
3294 5527
52273 13774
2644 24933
29493 51768
52375 62968
312 35118
54879 32429
26118 40874
43707 43298
1198 9291
39590 34109
52367 48937
24623 15640
22937 40492
54224 21625
59675 5144
47265 52891
48987 38656
41986 41007
56780 26966
14465 33755
61735 35976
13837 11123
60939 23495
14812 8930
34852 53580
14991 26206
50731 2676
62947 17293
6468 23545
20392 25542
57650 38364
48256 10156
29820 40271
7131 64534
61855 31384
44790 42546
9909 14374
26963 8176
21233 25092
33087 54867
43012 53905
63229 60130
21227 7562
20804 56954
27419 20066
60203 28613
55151 13393
53849 31922
17451 38332
65026 12926
17291 64948
61924 32281
21390 56252
58384 56424
41476 9313
56058 10230
64915 29224
32000 24201
30388 46966
7993 57669
13043 39596
58297 54684
17500 32977
9967 44785
59830 49491
21014 50739
11268 13569
9995 62618
20850 17963
26024 7732
4438 61698
62800 41237
26257 11128
4885 57407
5359 40659
41631 10905
16098 32475
41988 26163
41734 10464
55111 57624
14241 36043
15705 50208
33732 31123
65147 43641
45545 61178
47636 27547
4470 11890
44791 18764
41365 20741
42528 44408
23631 8880
53225 64162
21105 15255
15483 45089
40599 4926
52888 46534
39428 46207
51090 59714
3740 58841
63942 54579
42277 53920
13755 5773
53567 21044
27192 48630
3135 60290
7048 35752
13122 28648
17945 13055
2789 38974
21537 35184
21619 39196
34275 8402
50163 59232
23013 11047
38860 36084
51203 55459
10249 31358
24232 18343
49159 45238
54117 17613
52316 14093
41116 14985
6133 39164
32522 62643
26154 55190
13228 3299
64608 54107
41488 56328
22263 365
24817 10603
16528 36183
34210 33734
44932 18729
15509 51226
47600 32746
37821 38376
53243 26772
27209 20976
8427 58946
58885 49955
10441 58852
51284 10056
56100 5167
51100 64767
14525 46698
30048 39730
48518 53250
28208 19430
12801 8709
62019 52360
13573 44609
13701 64164
39169 6986
55144 34766
43073 16249
39452 51311
44679 32268
50426 2565
56490 49586
53090 24701
53422 60514
14689 36799
14214 60214
7210 5250
56936 34606
16310 48714
54183 52991
55009 1302
35533 31087
58475 33914
60380 32944
61655 23443
33730 26573
3952 5004
5525 16423
39734 47471
34617 62435
29964 37896
19614 2707
8251 59016
42570 20624
39572 4872
16577 56384
4328 20924
47899 25861
54486 1672
2985 64564
18101 6468
22049 15936
44440 19006
5524 5064
21370 51805
274 9495
21401 53765
21711 24479
21066 18506
3681 17565
30180 6364
37281 35716
47273 22390
1562 26680
24007 37587
2980 19317
50683 15682
28589 47842
50074 9560
62460 8538
56381 62687
39771 11080
32346 4988
25148 35622
54530 33795
28777 23522
33570 23504
3806 1640
24168 35730
2981 21343
19798 50978
208 13336
55881 58992
61977 6332
3594 49426
33146 38235
18943 52551
40987 25893
52645 712
61235 21448
38345 6572
5782 38599
10555 63759
43793 60077
15097 35061
2647 14180
4274 11909
28226 10583
2169 1222
32144 10204
1615 738
27560 18785
5927 50442
9954 45184
26487 33892
12216 64408
51216 45192
23897 36941
48443 60071
11674 10144
30665 34613
22904 33437
38976 3954
45111 41041
563 48315
26474 24027
46742 29332
36557 58928
48504 29584
47758 37463
7300 42042
13276 26314
11852 47712
52199 47823
39514 29999
23144 46237
19565 27723
44765 884
63688 49591
54540 20339
58188 52952
57050 9906
22248 30894
52119 36819
30964 36525
61375 25529
55675 56715
13549 21757
61740 62521
15886 19027
22103 4782
57516 9787
46399 10109
16152 3723
5077 41327
50494 11103
19517 15099
71 50128
24905 23198
42365 62254
37526 45674
16110 20310
24060 52522
55228 14393
10727 46481
17160 60814
7254 33130
26212 4392
4019 49288
41699 63432
34910 61260
28811 6535
49651 1438
63764 45015
1726 6628
59755 46201
782 40870
18198 36984
40055 30194
47927 42500
5593 65485
20865 61733
28966 51585
47524 25880
28708 43491
43090 9669
4626 23612
61854 37648
45185 11455
55315 4020
36962 44977
10053 3811
7714 17969
20886 61975
24512 59268
64586 35697
37024 3676
54534 13592
33625 38618
14774 28853
29267 12699
48313 10849
37614 2795
13041 37548
7968 4556
25824 29817
48533 13212
25057 24607
13876 15999
48114 768
3956 45227
33256 31824
14210 63205
22902 16300
55035 35022
19259 954
3762 40039
24764 44134
891 29453
6022 9522
43836 51134
48990 20187
634 8954
37434 21356
53606 55428
56948 55650
63780 41911
25776 43974
10762 23678
5207 18487
43923 28431
19554 34629
50902 31149
34708 33688
32725 38207
1736 49748
37296 40506
59872 35872
42821 38467
29248 15584
26107 18408
59211 13371
14255 28583
51994 11759
40251 34326
58290 62866
42943 60210
32762 64374
29039 58276
21581 27847
8484 4600
48985 40949
54208 29164
35061 13040
37889 17482
47952 11767
7471 49931
57515 19291
25748 14467
39204 30099
44299 58171
2488 62796
55507 27853
39708 17701
20848 31896
11036 11615
7004 20281
28914 5853
59101 2294
25144 13646
3886 56400
46506 54664
51135 4678
29427 40769
54815 32117
15412 28730
48272 565
37561 51312
28909 57177
65432 64637
41611 63103
59839 41303
56145 61893
47906 49267
47989 13667
11075 55100
17225 36747
23884 22130
51355 63359
25584 51117
44651 27859
24861 49223
53517 41813
23057 59274
7919 39454
42031 21913
61113 11502
39669 32916
33988 15964
27447 34614
64747 12821
45031 54229
21933 11525
33328 34637
12850 32224
56754 57373
8977 34543
5317 41976
32682 39798
50044 29218
62929 59808
49255 22805
7832 17790
46654 56567
9786 27840
45137 17032
10583 4973
26204 7994
35178 61130
30470 9435
2363 52882
16755 61697
8079 5762
15251 21126
51122 4646
10708 20378
38292 5647
55975 40202
26032 44167
17924 11613
7128 61471
51790 26423
59611 35011
55431 59906
20304 36167
50546 30217
63391 35521
20099 12493
50399 40715
27214 10737
140 40962
28228 20772
21172 44775
47000 16133
17544 3362
24526 7888
32204 32988
63116 27760
36887 17900
46858 48920
45343 26262
5378 38005
54731 58628
54562 1812
4977 29354
51863 36739
56465 37585
40247 48221
53503 62232
52690 54529
21627 64714
12386 2390
6653 43488
24121 60552
42258 15685
33617 6202
19216 30336
48549 50072
4530 44908
48058 14927
48946 2990
61752 11667
64829 37991
36956 21071
32869 19568
26303 54035
54933 25601
22916 55314
44709 40647
1880 23091
28895 34561
42548 13151
23136 60344
47381 35380
35980 38103
40471 44274
41718 16388
42687 27894
53012 36274
55993 184
54390 3716
16778 30811
44443 17229
13945 31942
33928 32005
32518 39047
36301 37656
24610 8783
35956 40109
34239 20708
37348 43481
42325 60781
15674 44299
59849 38513
60845 45560
49782 12702
6524 59529
57163 57419
50643 6969
17413 34950
50422 51726
22078 64477
8431 31206
36288 58068
15050 7957
35734 3384
51705 42859
32606 38813
34681 37614
235 58791
14569 42899
5692 57654
14326 48643
18988 33076
10366 16023
17705 34770
24607 344
60467 57264
16738 50649
62540 49773
17005 26764
17862 34592
57996 14907
30627 64495
51962 27427
52947 29246
16661 23749
25727 10522
54403 8448
24035 23044
55437 26609
10494 2407
38989 56489
1388 13907
44723 29481
4263 16387
16544 19286
39228 54123
31492 47159
25721 57405
51678 60597
49315 22263
43756 607
18665 43110
61971 21804
9749 14656
54958 51278
10716 18903
10443 13478
21206 13987
37431 57185
9118 22822
51319 9414
16521 44423
20231 13320
29589 24825
26941 57761
33002 35932
28746 7286
19387 28595
42396 27353
63908 40994
9650 31145
6156 20498
48358 59284
36063 60582
41079 32422
21064 58416
51670 40849
23073 27670
41675 51913
64293 52198
3140 50391
26759 13154
28065 30108
60115 58933
9764 5878
13790 35093
29901 42154
53605 30756
281 23744
19618 31148
3594 49426
54600 54464
29311 19367
56089 16576
25260 60796
14900 48911
26730 56732
29582 51038
36121 14965
61712 50642
58220 39938
8937 52246
35727 24035
20689 60336
8177 32308
41562 13825
21168 45031
56810 27583
20158 50974
47835 31629
28091 13790
18160 5738
6315 31116
17726 35645
34843 2776
56483 64736
55848 35709
56197 23608
14994 53373
4250 17823
12187 19654
9146 18663
35420 48646
19182 2666
26148 50344
18616 7325
64862 37056
53321 5092
41098 44791
21733 56071
64193 12187
43500 41156
2278 34894
41556 26430
2115 19717
37981 13958
22438 46190
15126 57102
58157 13730
48030 53100
41937 3865
11595 27481
46567 634
1528 24224
8915 34597
53387 43520
18004 15713
31497 46858
45911 38953
4653 42333
64108 11564
2318 60199
19520 40633
49104 50236
43918 41610
30947 12797
62544 21582
27548 55717
27557 54370
11421 36593
65305 39614
59286 48620
31405 50278
24358 46189
35812 23874
42341 34560
12280 35037
5502 25303
25105 25540
23059 38413
18585 20774
63951 46574
56980 31730
13345 1109
48892 1652
18805 35751
6809 33554
18965 12232
27353 31599
54985 20661
5605 11306
38681 61198
36556 23488
10802 4378
56394 27367
24713 33769
36217 10011
14348 45190
62982 46886
334 63377
20369 8724
19756 21583
36199 28457
11857 43100
64842 61702
2150 51508
45412 25401
62287 47672
45065 5130
60670 34398
33746 22705
32942 63613
14558 48477
42447 10906
18099 50777
12073 58148
3471 1788
44531 48559
46603 28586
3238 10320
55066 2599
14641 31928
10105 54173
63650 40123
57887 6519
40592 52480
13058 204
57309 62159
10585 38020
6453 57713
45621 31809
46336 3493
12907 57531
8820 11409
1775 22658
10421 3512
3214 44964
12322 40550
37104 23912
34686 45114
52456 15833
50746 4554
923 33549
23576 29755
58791 16390
43948 56509
5968 53032
48392 34208
11244 10566
29119 40577
54510 39408
7230 55212
31440 4077
32352 37475
14397 16375
55477 12646
31639 16446
32610 48078
58644 7419
52218 15139
3213 47637
39114 2438
23748 61481
56441 27980
35481 43741
3241 62765
36554 62936
58031 7655
25512 51793
62341 65412
7864 56332
19061 6280
22841 63365
16261 25073
49959 35908
36973 19168
25445 1351
50873 50849
21853 7150
35298 18466
16078 60434
16292 5935
41997 23993
49016 9539
60070 57999
14459 20953
20878 29407
59136 38911
4260 3848
13210 3935
50445 18052
64064 26739
43163 5021
23607 28512
48079 44689
9324 43805
15900 27877
47365 57591
3666 10843
11397 38276
25822 39522
42848 25396
6902 44569
22146 62113
3360 40066
19627 3534
24231 10852
12539 8633
47554 21316
1331 50627
60871 50545
20143 32030
18554 25499
10598 29486
17770 45769
64439 25724
6500 51285
8824 22357
33238 49199
53646 40349
43277 65219
58380 43716
33535 3278
18134 29230
42138 20736
39668 13260
61437 42918
12991 40309
4203 11424
33765 40064
48721 20184
7817 58407
2285 57793
35073 10502
55082 63976
26341 63271
58014 15918
63137 43823
15895 63451
53562 2910
29938 59894
7621 50478
63645 48352
2059 15867
54990 1792
6108 33299
26367 44135
13482 38785
32695 57746
3061 754
18543 59254
41101 52062
36856 48846
6107 55907
32172 27027
23533 13952
7682 33264
14848 14980
39372 49057
11281 46809
33412 15286
33466 43247
19988 31888
2506 49753
2940 21669
24413 2793
52520 35372
6142 38739
8115 54194
58583 32788
37818 32583
10268 10348
55019 4800
55646 12875
10716 18903
14191 21809
10048 15201
62209 59404
30846 39931
58777 39083
39570 46001
2165 16481
9123 47297
39749 4450
50079 9015
56239 14818
58799 31504
52970 23660
5052 16143
5792 43566
59056 62949
39650 41102
23363 21685
44928 47909
26057 10198
40612 29150
10505 50556
50616 37414
61099 17515
27517 11467
58787 40198
29420 28156
29290 49849
34763 10345
26240 45965
30633 53471
62700 47133
46245 9795
19203 61456
2759 8859
1192 27194
64606 48266
61725 63015
63481 18204
9456 35010
48412 40319
25075 63223
41236 62599
342 26026
54101 19991
45140 18378
34562 62335
55377 55517
55724 26614
53047 39353
52583 61788
10741 62849
15784 60223
30295 4270
31794 63641
61308 13230
61276 19767
55466 39898
23233 33993
45402 50600
21700 27379
28715 47140
28888 48178
50825 64240
26993 62737
20445 9979
7613 55737
39427 49207
52108 62120
39708 17701
50389 52947
35976 5392
45699 61077
45905 28157
15829 12530
33854 41814
38170 39052
35151 52777
16220 48336
27470 34744
37219 58319
6425 10081
48869 51958
25131 4876
33541 37044
61641 29599
7641 15395
27300 44585
36370 46417
61463 24798
16606 43504
11773 61628
39890 47923
33403 34972
24509 9190
30427 54539
10834 53525
37403 51113
18037 34039
53337 20713
40321 52885
42243 9353
49691 39566
60899 1613
56785 32135
45361 54113
55570 32717
56950 27375
2584 15152
52413 9941
5132 12159
47171 6646
42762 24185
83 44009
37219 58319
12943 12841
47041 44596
21461 7483
10901 24526
10166 34883
22804 4599
50462 20110
20956 47514
31375 23615
3031 22694
48870 23851
52052 42408
54481 3871
16828 30896
24632 36259
53646 40349
65353 42552
4919 16255
24419 1924
53939 44879
31987 318
15354 48649
50328 58739
59730 8477
16848 42501
31148 3752
8132 18248
1924 59521
16982 36375
45482 50214
13302 33365
50689 48715
9274 26679
7337 19990
41841 2799
39662 27460
25000 7684
45455 11279
8008 39227
13522 16749
40821 61843
25091 31393
11120 62955
24960 31759
50854 43156
4380 4099
26702 19746
38868 27628
18485 54492
15489 60642
31806 37549
18090 13984
35686 28409
32520 17758
43036 47532
50718 17217
37594 23708
55817 8123
52979 4676
58035 9989
28188 35628
16980 28520
58590 29718
60841 8462
28520 37691
24922 1549
18672 49373
36697 32690
13145 11643
46098 9890
40760 57823
53464 47899
47765 62975
4320 2658
6924 42708
17446 4446
29122 1972
37748 62253
24726 17945
18062 33929
3858 52934
52705 58833
6997 24647
6184 52202
18492 49363
60951 20332
57268 47419
18741 36319
53755 54304
28356 21985
17158 10792
4819 54413
63263 10586
52281 26006
57954 21132
38822 45081
54856 54699
23826 38548
36864 36999
23498 19796
42600 16000
54128 51672
41291 7035
42238 27616
388 21005
60106 39751
54247 27647
11868 42593
19122 64302
53579 34673
53105 3632
20000 23051
29838 11764
50994 27802
16612 27740
55716 43816
64521 36234
6271 50980
46988 64187
21562 14065
42084 16740
15728 6108
31974 11902
10949 8854
248 37543
35136 45747
21099 47305
63217 30696
49427 64808
39709 60259
47373 59717
64329 2641
57217 33698
32539 19853
13608 56118
37347 52391
17765 55530
47581 55288
55024 112
43753 6472
30496 63213
54874 37724
62987 1799
63924 46471
5230 54262
10124 58599
2757 25649
47181 44843
21438 37617
60624 60255
12686 16883
59651 3656
17346 56586
56196 19916
33752 16772
36116 19483
43417 16870
35959 1482
49944 38680
42855 33379
18405 22108
51521 16457
33447 15491
11763 11401
29476 47913
13301 41350
9820 25238
57410 65164
18251 7611
48816 3310
53955 53670
26379 28342
47010 37252
17092 3987
61876 45567
30042 37877
57430 13556
33709 11904
57439 15872
34930 57367
44897 37308
11073 16166
55570 32717
25013 40232
25433 33886
6294 45386
8318 8499
6165 12268
21298 31421
44944 52068
24813 12754
26210 40476
51229 19493
63974 23105
2119 40214
40356 52745
37850 39526
29359 7495
17917 50358
64737 65376
23278 25185
42111 53144
48594 54924
18888 293
8810 23440
16866 44071
59264 54148
14362 61518
13509 59657
64726 18
49297 5844
48299 1876
22142 3884
22711 63032
4513 32127
6884 56212
48711 24300
13980 42156
58876 1632
60440 32435
36721 39376
6051 38875
34830 24210
10443 13478
52245 6792
35184 35049
816 11196
13493 59491
25488 14690
19543 57104
12911 64966
49557 37910
4785 652
23006 26404
38789 39862
18233 29986
62469 23169
49917 51734
214 8229
11978 31182
41726 19439
40171 64927
10660 47683
58773 27254
62665 54485
60929 17824
21318 42816
14840 7833
29107 10688
37747 24415
62291 25678
44460 34530
16750 13695
46254 11079
10917 32286
61020 61681
22810 55471
42806 37595
55039 43187
42250 21345
8225 60985
794 3959
6222 29741
42087 55638
886 56763
13189 52478
5219 65169
13976 55151
9375 46419
51369 38835
62541 45752
26326 15366
216 18558
43395 15242
64344 26506
57748 58575
44534 64439
34636 55744
52332 2353
44775 29770
52315 64017
64815 9534
26659 56074
13945 31942
11838 28118
9625 29556
59124 55789
19929 4132
5102 24088
30279 61385
45888 27271
5756 60073
49581 61732
22339 20025
14171 36034
43860 30701
18463 19397
23271 41845
6116 58753
54141 64953
17246 28100
2239 64881
57034 10607
59522 19912
23214 47139
54108 7354
46026 63445
901 11879
49507 26390
40499 36449
22808 5223
31949 57142
45351 35985
13220 18974
60742 43824
49150 43243
56475 20237
52132 53960
29519 38775
29440 25538
16870 50414
15366 56316
44714 32367
33789 39378
1660 21872
55564 28057
59084 61161
52731 10201
30348 56791
22686 48974
45848 12559
35218 34701
20401 62167
38967 16869
3721 19490
49407 31229
40889 59487
14678 33210
52703 3449
20590 55685
59381 34027
64135 39423
30699 17088
16177 61405
65483 51656
4410 7178
21047 15422
51611 27082
24895 15373
60586 58157
11616 59373
21506 33219
15109 18231
12948 8417
64866 10343
24555 22625
17635 22408
40741 63439
34909 57765
51483 39100
12901 12459
6906 37047
60113 39723
35400 31021
48010 99
13920 61453
20336 13207
47163 16195
63939 25571
9454 40077
32040 7266
62764 14611
1137 9923
21184 43739
58835 2380
38665 15137
53473 28189
1317 47502
27857 20394
47164 9896
61094 40199
57723 3274
1995 1170
28732 59266
8686 24114
34039 28456
42885 47972
26602 53664
26300 5802
57418 41785
59079 58597
54245 23870
21327 33357
26191 41890
15244 8077
38721 34065
62937 30117
18804 16020
15274 29349
25662 40014
38954 64908
28209 15174
47744 63330
18374 1772
14191 21809
64208 63509
38926 63081
33859 32606
45120 25390
19183 43235
10450 23816
43328 57672
29106 3193
24859 7773
12326 46728
49236 41023
10389 64196
111 55733
32876 55354
640 6860
22278 48551
61793 20503
17795 15271
37402 52297
32674 1190
60791 56917
34721 33223
41237 10270
10280 16408
50694 6036
50779 13959
12463 31236
60984 62940
32267 32142
15482 47105
27404 44021
32690 61635
34985 19305
40588 47492
21833 15638
39760 38063
9739 56690
60022 38287
33825 15205
7349 575
18179 53306
13318 8147
49820 13486
36346 43201
9615 18025
56350 50584
25612 25211
60600 10544
54074 50621
33451 57957
23381 54321
20 42224
57355 9335
53461 27403
22491 48705
50479 30966
57000 17537
10973 11816
51585 30453
45347 18848
57957 23769
10627 18484
51604 42056
27234 29014
6270 13196
36331 9290
15567 1358
26934 64437
56620 38764
51476 44025
45972 33994
3850 25338
40728 29090
19207 45959
22235 57922
11600 58510
63845 25688
31807 27221
12953 36658
42804 59303
33748 50578
11593 14299
27689 47533
40679 44082
30489 45336
52735 3086
33024 15074
55722 39354
14310 42761
55143 62019
37172 10677
9674 1553
14187 55722
1695 3112
48605 22506
3934 8016
63606 310
50578 32681
60093 35838
28021 20836
13098 25427
1270 56805
54445 16500
64352 23245
2372 13286
10808 1123
35351 60084
2554 10588
29868 63304
14364 56906
27682 46278
34202 36771
59495 17077
41515 20966
19332 40461
8865 29356
2567 65100
16763 24504
61040 62877
49956 17715
33011 14437
64775 34020
17146 35576
22613 52957
21538 65270
28898 48356
30529 15482
13391 30156
13651 15322
8958 64393
47157 7421
4326 20162
34470 59911
11484 28913
47367 2008
65445 7911
20548 11533
27896 10630
18058 36247
60329 9443
59682 15550
33179 14175
58358 44739
53818 64638
61146 19466
2675 21968
25144 13646
51491 52683
34590 35379
50038 55018
33726 36639
35966 2663
47477 16631
62545 34131
44871 5494
29696 39402
32437 43569
59423 12501
23969 34005
11764 34241
6054 23102
25914 34566
48546 23060
31226 14312
32923 60728
234 49947
4777 64941
41967 16960
22888 46226
31830 46673
34660 42300
49131 13566
51080 11702
9577 35360
60121 30240
8992 21301
15394 21782
49361 12236
34087 44827
61162 43606
43089 14886
33510 9987
6520 12558
37927 4523
1706 56463
56725 24148
64533 51375
14875 12776
34230 11023
63048 13818
53785 35952
32189 19073
36516 33738
3081 58220
6681 58726
37299 32316
60899 1613
59761 16034
15812 4773
37251 24092
33255 35980
27805 24694
22608 39459
28000 47604
58239 60953
18302 48682
30216 29966
37849 46402
6712 45428
42818 46612
23510 57595
40676 31829
34333 26062
63001 46675
19618 31148
52164 37872
62346 14642
46195 9629
31824 10945
54725 3425
44338 19882
23403 18738
46394 30001
63628 16318
32365 31371
64641 14531
54709 2366
32474 10629
393 55024
42686 48838
31551 41520
60924 20958
56775 64778
9123 47297
59707 59861
30345 63707
2366 32290
51491 52683
59698 64139
55113 59144
19527 52812
44000 53350
27433 33205
22986 44550
10523 52889
25441 59962
16682 15452
4747 12363
48653 4451
27333 38122
33669 5432
35366 17888
58564 22932
6540 33327
3052 2458
626 11421
23976 7831
53200 21615
18383 58604
5716 52984
10261 2039
29438 15694
5221 33178
24839 4313
42375 11895
8198 38585
32341 5873
59313 29324
54847 33464
21012 5335
50752 38899
52629 40421
5427 1084
52094 52644
58948 35803
61689 45160
12445 24459
15587 54285
55874 46326
6254 18158
51848 18035
8846 10457
54489 5812
6315 31116
36653 65390
55839 29390
46488 3941
22862 61576
26926 5755
35398 65413
43290 3943
2551 40173
51244 13965
1897 53218
14824 43929
31841 46878
45840 53108
25133 32029
27699 40209
38285 19535
27395 14812
64329 2641
23166 43029
64929 23265
35757 11944
23172 29416
6550 37678
38754 56477
16670 9491
4199 16700
26775 37503
20427 60567
50959 53859
56458 40116
54957 16534
22645 28365
58784 42037
58433 64878
14275 48544
45980 63317
62146 47872
23252 36490
10969 38723
61557 22352
1567 63190
3785 30127
64092 40678
36867 15421
10817 2519
5225 10750
242 62222
58877 54662
37621 63878
58303 33509
2844 64532
63302 24642
28470 38498
42707 64805
48298 42537
64188 64956
58835 2380
30820 25951
60000 59378
20592 29496
9940 17098
35429 4558
41887 35057
5445 12165
32621 15182
23259 13768
5857 63383
54614 11311
46089 44697
28598 40768
10591 38401
6236 7993
35128 20263
30683 58887
57105 61330
6299 49364
64532 16879
24836 42845
55761 64538
36198 28795
60412 35951
23950 42777
22890 54522
11022 65010
42122 23633
19593 31879
147 56600
49790 39420
33173 62443
9282 3256
58380 43716
41466 60639
22857 22655
23801 62973
13651 15322
34567 6257
17171 29633
47334 36429
56946 41480
18522 34891
55525 62456
48125 50167
4185 13092
28909 57177
35548 18243
31783 20463
19635 48179
10805 983
4456 41461
42441 28770
14854 63533
21735 56995
16366 24305
26703 11906
13711 65145
47548 23057
1518 54944
63167 35164
18054 33778
13570 61964
1323 16227
62029 50960
32718 25168
20792 63966
3613 27815
39312 3994
50090 14997
19880 62507
14312 4303
56277 25687
57554 33068
53319 1272
26579 21169
2911 18349
23712 33569
7873 64998
56696 47700
47173 44283
44345 41525
60908 3830
36646 42635
528 16575
38503 32719
15402 21397
18891 49529
7540 18095
61964 62825
3700 33293
721 29856
15214 18328
23340 22136
28308 14977
41005 28244
17336 29373
56706 49721
42801 39876
51165 46386
26007 23709
50265 36155
61858 23083
14243 55616
58692 56401
46912 21103
44518 10023
20002 7301
45388 10928
37959 45165
13309 13769
32962 56502
29818 11705
63373 53796
64505 45141
54069 51364
31673 39863
60174 59865
61484 61400
1830 34670
10417 57794
32157 39533
34199 17346
62749 54280
47687 8888
4673 49683
18274 19121
19803 13706
27474 8673
20075 25812
1266 41219
64446 16173
15004 52837
31628 60910
30188 21509
11139 10848
26981 42070
19377 36555
38764 29518
8274 43340
40242 44279
56261 4829
11932 6800
49388 3061
24291 40399
33796 24535
23999 35666
53859 48197
61195 9635
38314 37925
63576 2031
33453 28470
36213 13809
42007 53864
43029 56235
25023 61762
10345 1130
11795 37052
20279 51912
20052 33709
57736 27099
25625 12540
40336 8613
56254 6417
51948 64920
40858 63875
21965 53970
27048 52322
27705 29746
20895 58532
47593 430
32777 2147
13928 58534
60017 39821
54065 29010
4170 17756
35952 57959
35476 10823
30805 3909
10899 8026
2142 32125
8253 21837
25429 3314
42438 19700
22770 23799
12598 45583
49685 19685
16922 54543
9717 15666
2434 60483
43972 17908
33890 54315
57281 15341
20805 49318
59574 46148
29010 36388
15020 58667
15309 17711
58030 21534
39580 26874
20096 26097
59163 31720
36008 53632
62042 55682
50623 33877
53224 13935
7734 14154
47309 51127
33576 26943
27319 21628
24589 15377
17713 16721
24588 41170
45492 54508
16881 26230
20567 20119
43439 4009
10314 3363
13056 51040
61632 28124
34993 55853
20800 22139
30606 12955
30977 3552
20130 49112
23576 29755
21218 37316
19873 50728
63773 24550
20076 54362
63114 8127
32689 15592
5203 63125
18090 13984
48592 40393
49995 63092
65350 48569
49657 38155
41772 21043
16098 32475
7115 55919
31394 26696
27137 24851
21755 56635
16616 3209
15926 17942
39250 38582
61046 60791
23283 25422
24703 39439
39313 47206
61015 34297
64266 23227
14371 62306
55534 62194
48102 39111
31631 42049
54711 56752
55589 2645
4004 40971
54456 60507
61952 53345
58844 12621
39482 40662
28147 56832
13145 11643
6524 59529
40029 1095
20858 40878
49161 6970
8618 35353
9660 61203
58180 36174
28949 35377
59757 2300
60975 38766
51601 21408
37260 51450
21075 31452
16941 10028
64363 27156
58642 49702
52022 18538
52612 40830
3212 11962
33768 10550
35481 43741
58209 30865
54941 7129
55489 15078
51085 48845
57874 49887
58728 41706
34031 24296
27758 4112
29199 7517
16871 48367
53720 35611
20556 56426
37338 729
2085 57696
44828 58318
35110 36847
54032 30074
63860 47806
54864 38987
20368 49299
849 24729
50467 45816
19953 61624
53466 26139
32003 25490
40663 7230
10508 59506
33633 6389
25177 39574
16038 45289
5791 52552
12853 62974
25081 22023
52109 30282
28850 38380
36726 37336
35933 5169
39920 41398
58081 9482
22264 48641
13583 8617
15394 21782
38822 45081
34373 31053
24335 2238
20523 23754
53650 21779
32802 44262
1711 65245
36627 41896
17278 32087
61766 36242
41106 45586
42251 64729
41835 14984
39046 41411
16406 45757
23719 40029
521 45475
20327 25039
41022 54460
45907 25839
18201 60023
64767 7188
26747 48095
8467 52981
3644 36728
64513 62817
10866 28803
45582 60862
42591 828
543 25363
35210 34887
5262 31811
50673 32387
19388 9509
59282 61187
5016 39080
51940 60287
19453 15930
42945 2945
34926 57592
8135 50881
63445 26435
16750 13695
24924 20233
2423 52922
61873 29080
12547 9815
16674 40117
55948 57188
54763 30055
52932 4202
53485 269
13867 53271
9256 42371
51036 2128
64534 39554
39231 9821
55480 61239
19591 46541
27709 50060
30802 48754
16276 54947
64014 40810
27163 48511
25850 44701
5558 27364
49080 37226
52643 24588
30237 8336
45109 23558
40546 21388
8956 34146
2016 27487
21141 37553
52542 62600
32286 55252
46753 46309
11500 33009
8016 48538
